1.000000	35.000000	76781695.000000	16.642609	1.560164	38.056501	547.177683	0.063886	0.137690	0.063232	14110.951638
1.000000	21.000000	75384220.000000	28.406894	1.363736	35.496423	598.029030	0.097804	0.091574	0.081736	14138.300540
1.000000	24.000000	75685333.000000	26.987069	1.371643	31.340509	339.748466	0.037005	0.147474	0.079220	14103.173334
1.000000	40.000000	77283160.000000	23.947250	1.273042	30.557170	294.294023	0.042618	0.132715	0.041347	14090.037690
1.000000	25.000000	75783051.000000	33.719756	1.272630	27.973722	676.453732	0.159967	0.066493	0.051460	14157.298891
1.000000	29.000000	76183292.000000	24.397740	1.403587	30.498777	304.082855	0.041972	0.123927	0.072972	14106.148908
1.000000	22.000000	75487190.000000	1.129431	1.847473	39.584023	697.128522	0.112313	0.110149	0.070134	14105.474756
1.000000	11.000000	74381278.000000	37.884521	1.144824	28.387451	1625.156250	0.267381	0.279478	0.004618	14226.615227
1.000000	10.000000	74283445.000000	7.992313	1.509182	32.710796	360.630294	0.070954	0.109144	0.022425	14087.399085
1.000000	32.000000	76481689.000000	30.738430	1.229758	32.468756	549.773012	0.087894	0.115007	0.046619	14126.238855
1.000000	1.000000	73387184.000000	15.405031	2.390045	27.274816	214.671856	0.001807	0.018674	0.427348	14216.602294
1.000000	13.000000	74587192.000000	22.985687	1.231323	32.588348	215.312500	0.028179	0.004074	0.135757	14212.031105
1.000000	38.000000	77658739.000000	15.247613	1.353782	33.360884	253.290045	0.046391	0.001023	0.105735	14192.786495
1.000000	3.000000	73581146.000000	13.697372	1.496658	31.664941	182.850342	0.021676	0.040098	0.124472	14189.546960
1.000000	9.000000	74183432.000000	26.581170	1.283564	31.353410	1619.248237	0.348061	0.067237	0.049286	14177.002462
1.000000	16.000000	74887183.000000	46.475890	1.032450	27.000628	789.405416	0.145079	0.103229	0.046608	14159.431871
1.000000	26.000000	75883609.000000	51.371015	0.948706	26.876430	976.613613	0.200253	0.100276	0.041235	14168.758737
1.000000	5.000000	73787150.000000	25.420383	1.221361	34.346240	1500.263868	0.273886	0.094078	0.039807	14180.915043
1.000000	34.000000	76687185.000000	45.319106	1.012222	29.273536	1781.345931	0.358773	0.103063	0.039583	14197.633259
1.000000	14.000000	74683892.000000	13.215313	1.528349	33.737243	426.643551	0.076862	0.105193	0.045371	14097.647255
1.000000	19.000000	75181333.000000	32.404839	1.406314	29.914889	357.104443	0.041020	0.142122	0.111478	14120.183481
1.000000	6.000000	73881278.000000	21.302758	1.393340	33.074147	401.998909	0.054363	0.123111	0.052578	14097.297328
1.000000	4.000000	73681181.000000	26.542456	1.336667	32.734603	489.531076	0.092654	0.099457	0.053599	14120.180608
1.000000	7.000000	73985519.000000	1.954927	1.496162	33.355176	3005.689591	0.756051	0.064232	0.052727	14178.292364
1.000000	37.000000	76981106.000000	35.039462	1.148334	29.747506	1683.387316	0.359815	0.081941	0.035523	14180.974190
1.000000	20.000000	75283742.000000	31.289870	1.172236	26.012147	243.121982	0.028237	0.165742	0.055683	14097.293622
1.000000	36.000000	76887146.000000	13.323522	1.559382	37.671816	467.517706	0.050565	0.148157	0.046597	14115.068622
1.000000	27.000000	75983772.000000	46.808435	1.002778	26.985778	1570.531068	0.344467	0.076195	0.031173	14184.047124
1.000000	30.000000	76282885.000000	22.383909	1.444853	24.534795	968.709612	0.349980	0.055609	0.029229	14165.697547
1.000000	33.000000	76582637.000000	23.897592	1.380425	34.029528	408.030855	0.058421	0.122136	0.062283	14107.112176
1.000000	28.000000	76084177.000000	49.740052	0.919087	20.071401	317.233124	0.043681	0.233631	0.033538	14158.225660
1.000000	23.000000	75587189.000000	10.591226	1.663541	34.667274	358.096594	0.082813	0.001567	0.128652	14189.804276
1.000000	8.000000	74081259.000000	12.455872	1.147138	27.919145	175.281510	0.035816	0.105346	0.001534	14061.086015
1.000000	15.000000	74787175.000000	42.605983	1.061624	24.536685	616.521202	0.135637	0.128923	0.012887	14152.029720
1.000000	31.000000	76385453.000000	30.799582	1.210162	26.423341	295.163947	0.026604	0.183253	0.055187	14100.476251
1.000000	18.000000	75087147.000000	28.116375	1.406064	20.721875	688.893943	0.267939	0.031339	0.038265	14180.005369
1.000000	39.000000	77182505.000000	5.032944	1.202938	17.900125	76.683307	0.065981	0.044471	0.002355	14086.828426
1.000000	2.000000	73481264.000000	22.850900	1.192361	30.582263	302.467716	0.033514	0.156476	0.021699	14095.280348
1.000000	120.000000	26595165.000000	51.688293	1.070329	23.780051	1226.226500	0.321595	0.001000	0.056049	14231.500334
1.000000	17.000000	74983582.000000	15.533720	1.474674	32.520684	464.255059	0.103040	0.096805	0.038960	14100.224262
1.000000	88.000000	117071506.000000	24.750925	1.344118	33.047465	403.665618	0.054062	0.128868	0.058331	14103.138156
1.000000	82.000000	113553786.000000	6.303237	1.635554	28.416945	604.261896	0.190339	0.081501	0.033802	14090.559713
1.000000	66.000000	107226125.000000	48.788452	1.158594	17.232056	516.312500	0.190018	0.006510	0.044902	14204.198609
1.000000	12.000000	74483438.000000	47.499430	1.017256	30.501290	715.581401	0.111133	0.123173	0.069842	14179.163911
1.000000	90.000000	43890626.000000	7.004886	1.604220	37.390386	633.643808	0.110597	0.110012	0.041015	14098.345169
1.000000	62.000000	81740062.000000	35.493199	1.148784	31.464251	1639.971452	0.318710	0.075850	0.055721	14192.233180
1.000000	46.000000	112254222.000000	58.730305	0.747069	24.359288	2838.270744	0.569275	0.124663	0.001950	14195.278803
1.000000	68.000000	93612289.000000	26.598129	1.165265	26.480598	239.402344	0.060536	0.001457	0.078239	14207.717753
1.000000	54.000000	76868592.000000	69.386651	0.799279	28.995127	2811.446429	0.440842	0.006143	0.184284	14294.077025
1.000000	60.000000	96803246.000000	20.217675	1.441709	34.896269	657.871955	0.109580	0.093818	0.059382	14119.878955
1.000000	106.000000	71123051.000000	19.700518	1.511040	36.320009	502.216797	0.069877	0.114329	0.072724	14106.509700
1.000000	84.000000	81331579.000000	0.032334	1.652295	34.760953	1634.715669	0.387277	0.070179	0.059436	14142.034375
1.000000	96.000000	79499944.000000	48.625845	1.002435	28.353344	971.830557	0.179911	0.097969	0.055983	14171.255199
1.000000	100.000000	55915044.000000	27.255360	1.360523	29.387204	316.308109	0.036155	0.145193	0.073339	14098.725542
1.000000	78.000000	109637774.000000	12.792965	1.463395	34.770385	422.370626	0.069276	0.119797	0.030806	14089.239305
1.000000	42.000000	101780479.000000	11.299530	1.644566	40.849716	616.464518	0.074887	0.136620	0.059791	14119.306416
1.000000	50.000000	75397324.000000	43.724115	0.948122	17.511007	151.112947	0.048626	0.029082	0.047193	14229.131825
1.000000	52.000000	111838452.000000	58.192241	0.945878	26.062519	1175.097765	0.259613	0.063796	0.066071	14204.516834
1.000000	70.000000	48325582.000000	64.064941	1.200391	22.551270	3100.625000	0.485292	0.999598	0.716117	14207.315667
1.000000	92.000000	71203341.000000	43.531135	1.083487	28.414582	524.682405	0.083727	0.122198	0.061927	14145.588814
1.000000	104.000000	107201012.000000	31.654112	1.209277	31.194067	518.729879	0.083090	0.127062	0.038661	14121.771914
1.000000	98.000000	68004323.000000	47.948454	0.984920	24.285995	1358.477157	0.335335	0.103040	0.002907	14175.427546
1.000000	48.000000	65904626.000000	17.679088	1.464764	36.164387	555.102216	0.085337	0.107703	0.054390	14106.597613
1.000000	94.000000	27584099.000000	43.950291	1.081925	27.115379	841.596430	0.171910	0.085928	0.044617	14160.978627
1.000000	58.000000	115786982.000000	16.884409	1.398695	32.895249	381.391476	0.074773	0.099197	0.038717	14099.712948
1.000000	112.000000	25452607.000000	13.781494	1.171467	28.768797	208.015114	0.027138	0.136233	0.001244	14070.323571
1.000000	56.000000	89396058.000000	0.020992	1.727490	21.324677	584.085304	0.344106	0.001805	0.062121	14129.974115
1.000000	102.000000	114653051.000000	32.895317	1.341498	32.273862	424.962153	0.046042	0.144728	0.098960	14119.646610
1.000000	108.000000	85133082.000000	16.601249	1.270929	29.907626	363.231758	0.076939	0.115812	0.001131	14096.891033
1.000000	118.000000	108444129.000000	30.410038	1.410146	28.915457	318.935583	0.028635	0.171689	0.100090	14115.120300
1.000000	86.000000	81449418.000000	28.831217	1.373154	29.558199	576.913585	0.122587	0.072904	0.063867	14148.855070
1.000000	116.000000	114767887.000000	58.118325	0.895478	23.831990	615.982065	0.130997	0.119321	0.053276	14165.146516
1.000000	72.000000	34382963.000000	4.378972	1.387130	23.647447	139.529237	0.072010	0.040348	0.029525	14111.618449
1.000000	119.000000	81497215.000000	19.262540	1.468496	35.587348	433.636632	0.062911	0.117687	0.060192	14106.007670
1.000000	80.000000	89908599.000000	12.023846	1.128205	26.203073	147.280400	0.035721	0.098856	0.001000	14056.926186
1.000000	110.000000	66555109.000000	37.339631	1.163741	26.344443	953.612271	0.237622	0.088913	0.020971	14157.293471
1.000000	45.000000	90532470.000000	21.885045	1.476346	28.373591	481.238666	0.131103	0.002678	0.094061	14188.933184
1.000000	114.000000	85214332.000000	2.512773	1.710731	34.220316	694.059250	0.150694	0.095168	0.048811	14089.089181
1.000000	89.000000	77650015.000000	25.505817	1.430924	33.534864	421.068581	0.048408	0.135774	0.080841	14106.827866
1.000000	61.000000	82927935.000000	33.812174	1.204468	26.778181	1361.245969	0.359782	0.084654	0.015798	14173.861518
1.000000	105.000000	91604814.000000	0.000000	1.674723	25.657875	478.490127	0.221417	0.001013	0.069300	14140.894121
1.000000	74.000000	29849649.000000	34.769194	1.335022	25.845571	512.642197	0.127431	0.001007	0.099065	14201.396088
1.000000	81.000000	90267198.000000	7.688038	1.287563	25.015566	170.359911	0.069748	0.073395	0.006016	14071.428513
1.000000	103.000000	49966087.000000	22.599185	1.371715	37.315070	667.854774	0.103414	0.114679	0.052010	14121.758709
1.000000	49.000000	19815490.000000	23.274774	1.268048	31.325353	1717.182006	0.372188	0.098891	0.022257	14175.359818
1.000000	59.000000	75263087.000000	48.924548	1.008312	25.976379	637.191760	0.116762	0.126377	0.047533	14156.489479
1.000000	65.000000	93019661.000000	21.812197	1.223374	30.472408	278.040300	0.035230	0.143130	0.025850	14089.047759
1.000000	77.000000	84474971.000000	11.113324	1.088494	24.168393	114.621915	0.022982	0.102119	0.001963	14053.187783
1.000000	64.000000	112506636.000000	19.149012	1.451085	32.292920	536.453893	0.110682	0.097637	0.043823	14111.875184
1.000000	76.000000	43078601.000000	30.086892	1.337624	23.703875	460.908103	0.137427	0.010757	0.069046	14186.787825
1.000000	67.000000	112187745.000000	22.681175	1.430431	33.962397	419.609659	0.048695	0.135702	0.066011	14102.619338
1.000000	95.000000	109651576.000000	23.202705	1.285707	33.098090	386.026550	0.050146	0.148132	0.030902	14101.560464
1.000000	53.000000	70493233.000000	7.303770	1.432027	36.084169	389.781894	0.057815	0.125078	0.012909	14095.512022
1.000000	83.000000	105117758.000000	23.596242	1.469764	26.261152	547.207977	0.162177	0.003696	0.084134	14186.060050
1.000000	99.000000	34980502.000000	4.494604	1.495352	29.322794	335.393479	0.100627	0.092443	0.012408	14075.477103
1.000000	87.000000	45623462.000000	27.534418	1.255718	28.646007	967.217091	0.231979	0.116507	0.004488	14154.433792
1.000000	69.000000	102072545.000000	21.049592	1.369692	33.182326	847.220248	0.171709	0.102683	0.033125	14136.431688
1.000000	85.000000	89670403.000000	27.242128	1.356817	25.270829	387.935303	0.113225	0.002203	0.082476	14193.765216
1.000000	101.000000	97256373.000000	28.993238	1.433129	32.268170	428.561558	0.050718	0.129593	0.095438	14120.835322
1.000000	51.000000	58242480.000000	11.506606	1.540415	35.589002	489.925683	0.074495	0.120839	0.038824	14099.927391
1.000000	115.000000	99097443.000000	16.439923	1.452544	34.260366	491.749107	0.092251	0.109754	0.037897	14100.543287
1.000000	97.000000	97537845.000000	47.880806	1.399152	25.869112	1957.407219	0.274943	1.000000	0.032100	14233.398045
1.000000	107.000000	25312223.000000	36.971005	1.118325	30.879775	1960.891422	0.396795	0.072795	0.052440	14196.912214
1.000000	47.000000	105720197.000000	68.524747	0.541681	22.989560	2292.335071	0.395346	0.221160	0.035017	14190.593305
1.000000	79.000000	40694989.000000	27.648997	1.371912	32.732506	1716.583069	0.239896	0.319203	0.010262	14246.166244
1.000000	44.000000	59937450.000000	3.011790	1.690504	25.510041	789.194366	0.285843	0.071885	0.034130	14096.899920
1.000000	41.000000	104227725.000000	35.947262	1.182532	28.356279	374.888969	0.036145	0.178002	0.072294	14114.517287
1.000000	71.000000	58984457.000000	28.441127	1.254172	28.484749	836.884991	0.208389	0.120142	0.003396	14156.741657
1.000000	125.000000	60344808.000000	34.517071	1.276601	22.570037	367.792452	0.112626	0.025704	0.064611	14198.308315
1.000000	117.000000	61035190.000000	53.918140	0.859395	26.527568	2144.478309	0.410367	0.099253	0.037363	14197.338137
1.000000	55.000000	48241676.000000	33.533614	1.167012	30.820307	409.764462	0.061106	0.134265	0.048053	14120.705689
1.000000	128.000000	95886955.000000	22.047833	1.422422	30.735383	654.871217	0.151975	0.075765	0.048710	14131.804516
1.000000	91.000000	106877196.000000	37.686178	1.193091	26.271668	533.389737	0.115848	0.083556	0.046600	14146.984624
1.000000	109.000000	56706469.000000	14.425673	1.410023	28.895152	1372.323680	0.376781	0.099615	0.005625	14151.886029
1.000000	124.000000	122057342.000000	23.532733	1.344846	33.197828	542.957527	0.101646	0.108923	0.038472	14117.979901
1.000000	73.000000	85887648.000000	36.258298	1.202993	28.997486	507.972442	0.095514	0.097910	0.055511	14139.692388
1.000000	134.000000	67560027.000000	41.670297	1.104489	28.936712	953.797854	0.187896	0.083035	0.049353	14165.411827
1.000000	150.000000	58675446.000000	44.762712	1.066710	26.429453	609.185667	0.108366	0.123218	0.044557	14149.683199
1.000000	141.000000	80802233.000000	57.118259	0.956234	23.753279	1211.796396	0.258992	0.008893	0.063301	14232.752342
1.000000	57.000000	37352096.000000	16.578621	1.258238	31.835069	313.602962	0.046310	0.130337	0.011355	14083.543243
1.000000	63.000000	77333466.000000	15.710557	1.452808	34.230192	394.949569	0.061000	0.116553	0.043360	14097.462845
1.000000	93.000000	37874628.000000	20.669794	1.286274	35.117281	494.954062	0.064155	0.139401	0.023508	14113.105427
1.000000	144.000000	117772648.000000	16.101080	1.160497	27.128470	204.459429	0.033954	0.120871	0.005108	14074.485798
1.000000	130.000000	36095693.000000	36.748262	1.146822	21.817744	286.793439	0.080205	0.007706	0.067953	14204.850615
1.000000	122.000000	108266475.000000	24.034745	1.247198	31.858037	397.229170	0.068014	0.138221	0.017133	14112.386853
1.000000	140.000000	106361516.000000	51.849616	0.949904	24.423564	820.447572	0.182822	0.107879	0.027651	14159.146097
1.000000	138.000000	50967125.000000	16.592305	1.416162	34.580058	422.228096	0.065753	0.119855	0.037360	14096.698638
1.000000	149.000000	35765545.000000	1.841365	1.715613	24.500022	655.113425	0.303013	0.004894	0.070462	14138.537019
1.000000	127.000000	118487597.000000	6.193224	1.508955	31.374208	327.785007	0.080764	0.097892	0.021152	14080.422587
1.000000	133.000000	60258857.000000	41.051371	1.123341	30.860421	1145.564161	0.208222	0.072391	0.068982	14183.722838
1.000000	23.000000	97594333.000000	32.571886	1.298834	26.931114	322.280823	0.028886	0.177654	0.084581	14109.591062
1.000000	11.000000	96392618.000000	37.280955	1.292978	24.117943	458.544609	0.119154	0.001039	0.092319	14199.560836
1.000000	20.000000	97287518.000000	33.132741	1.248273	33.428488	1108.395264	0.202835	0.071481	0.071857	14179.029440
1.000000	7.000000	95989107.000000	1.163637	1.800627	16.011963	1079.887054	0.920895	0.001295	0.052747	14130.094423
1.000000	2.000000	95487495.000000	24.646516	1.439771	28.363285	494.835693	0.123097	0.001000	0.100379	14195.214956
1.000000	34.000000	98696191.000000	37.422581	1.197298	21.102104	226.673828	0.016419	0.231520	0.096041	14119.945412
1.000000	19.000000	97189069.000000	0.612631	1.647003	25.934391	1794.137207	0.777625	0.079578	0.018188	14131.361951
1.000000	15.000000	96793257.000000	32.627998	1.245976	31.326917	1504.852081	0.314886	0.058945	0.064190	14192.691828
1.000000	1.000000	95965297.000000	6.315592	1.357400	31.248744	192.736603	0.009498	0.135364	0.014177	14112.775712
1.000000	27.000000	97997171.000000	31.290150	1.232182	24.572344	246.122070	0.023513	0.176504	0.069470	14101.805127
1.000000	26.000000	97889213.000000	38.517566	1.201357	24.175627	288.040039	0.028895	0.185427	0.093933	14116.549910
1.000000	5.000000	95793991.000000	24.141174	1.445387	37.339510	671.115936	0.101524	0.093097	0.086755	14136.565534
1.000000	13.000000	96594966.000000	26.270514	1.343807	31.306560	339.777832	0.041519	0.137494	0.065910	14099.969604
1.000000	17.000000	96997326.000000	5.269809	1.740542	41.944258	701.301086	0.097143	0.117626	0.067356	14109.567503
1.000000	18.000000	97089139.000000	2.874086	1.389592	28.827088	105.869461	0.015525	0.073088	0.029485	14107.687520
1.000000	14.000000	96687419.000000	4.261838	1.769334	40.588128	1341.405510	0.180474	0.241039	0.011509	14207.705306
1.000000	3.000000	95589116.000000	0.000001	1.477118	28.698309	3138.033974	0.962158	0.103070	0.002538	14173.921250
1.000000	25.000000	97795986.000000	38.516036	1.262999	23.989733	618.531996	0.158925	0.032095	0.065927	14191.182438
1.000000	37.000000	98991884.000000	20.805405	1.508839	24.599122	946.249390	0.328688	0.042348	0.046907	14168.892431
1.000000	40.000000	99289143.000000	46.298359	1.089114	26.479993	366.273712	0.060997	0.133501	0.079987	14148.929272
1.000000	28.000000	98087420.000000	25.111649	1.294785	30.559747	324.888306	0.049665	0.124474	0.048706	14098.137557
1.000000	12.000000	96494679.000000	0.000057	1.656747	24.687901	1572.300781	0.596626	0.084922	0.015729	14120.426208
1.000000	33.000000	98597082.000000	59.633331	0.740918	24.383087	1476.460938	0.270010	0.183547	0.025873	14184.260606
1.000000	39.000000	99187749.000000	18.400097	1.510770	35.307770	442.562988	0.066961	0.111411	0.065245	14105.792559
1.000000	36.000000	99465305.000000	8.484335	1.506819	31.640730	365.183594	0.081935	0.093873	0.030268	14090.474676
1.000000	30.000000	98296514.000000	21.749704	1.300785	31.204338	326.048706	0.046558	0.128932	0.036431	14091.833337
1.000000	38.000000	99089195.000000	53.632447	0.903242	25.210927	1235.815002	0.260869	0.091702	0.029864	14172.734018
1.000000	29.000000	98191194.000000	19.665869	1.105191	25.608532	151.760071	0.027251	0.118372	0.017524	14078.609428
1.000000	21.000000	97392725.000000	21.924906	1.237650	26.470068	215.442383	0.041679	0.104761	0.036797	14104.565577
1.000000	10.000000	96287473.000000	66.061535	1.188605	20.298147	1101.940430	0.189785	0.996513	0.210577	14199.196484
1.000000	22.000000	98065301.000000	7.673922	1.605916	37.275171	625.044922	0.090613	0.119772	0.040453	14102.030223
1.000000	16.000000	96889189.000000	32.611332	1.200067	30.865008	894.696594	0.170144	0.085295	0.040446	14163.627639
1.000000	8.000000	96089115.000000	6.096697	1.586250	31.081238	507.295898	0.125424	0.095116	0.026357	14088.747478
1.000000	24.000000	97696102.000000	15.264562	1.408852	27.122515	338.829132	0.090956	0.085635	0.026095	14108.062381
1.000000	35.000000	98795383.000000	41.352618	1.114890	29.129591	449.043457	0.062160	0.135808	0.072226	14136.988587
1.000000	4.000000	95687490.000000	22.078044	1.075606	28.618352	255.912628	0.032015	0.153745	0.002970	14088.239918
1.000000	31.000000	98387419.000000	13.002811	1.390669	30.059302	403.428741	0.103574	0.107229	0.005870	14094.722900
1.000000	6.000000	95894943.000000	40.740870	1.132354	25.422781	694.399353	0.164942	0.092315	0.028391	14151.784690
1.000000	32.000000	98494711.000000	69.999999	1.067996	19.296969	1409.637299	0.240120	0.999369	1.000000	14180.758845
1.000000	9.000000	96196298.000000	45.072670	0.999862	22.489703	504.040283	0.101486	0.172008	0.001165	14151.831354
1.000000	76.000000	96520634.000000	34.519250	1.703668	31.811211	399.709351	0.037555	0.152894	0.203253	14156.241867
1.000000	92.000000	80415747.000000	28.888060	1.537856	32.968869	410.031883	0.039211	0.150008	0.123329	14126.937010
1.000000	62.000000	34902082.000000	8.952595	1.628658	38.735381	794.253387	0.120576	0.094348	0.069026	14113.410604
1.000000	42.000000	64765466.000000	30.239239	1.916377	33.590574	515.003418	0.073329	0.005450	0.276517	14259.247026
1.000000	78.000000	55966447.000000	29.291995	1.342775	31.943482	379.498688	0.042636	0.149194	0.079017	14106.338277
1.000000	80.000000	39959958.000000	19.748470	1.179233	28.219761	226.038940	0.031589	0.130001	0.018689	14079.293799
1.000000	106.000000	59217128.000000	24.825253	1.248983	30.840945	2260.977905	0.501484	0.070412	0.039372	14186.107416
1.000000	50.000000	77074556.000000	26.191286	1.399592	26.536266	633.411682	0.173493	0.060931	0.047289	14151.889854
1.000000	112.000000	65077232.000000	25.344318	1.361819	32.776134	346.857757	0.046287	0.128782	0.069448	14106.063662
1.000000	116.000000	102041029.000000	6.843638	1.967868	44.908106	857.419800	0.051131	0.253500	0.049795	14199.290099
1.000000	108.000000	52846057.000000	41.036552	1.131951	28.019857	609.924469	0.128424	0.087336	0.048681	14151.887396
1.000000	86.000000	31453959.000000	21.656427	0.987570	17.340670	134.029785	0.071508	0.001005	0.007977	14212.711187
1.000000	54.000000	40937896.000000	7.233095	1.649930	32.450294	511.609375	0.121942	0.091642	0.048322	14098.258434
1.000000	70.000000	65531418.000000	55.154895	1.061113	18.971027	475.471405	0.150575	0.009037	0.059408	14198.897008
1.000000	98.000000	109420866.000000	44.733553	1.139825	29.913654	1438.671875	0.283603	0.001742	0.101621	14256.077607
1.000000	94.000000	76040902.000000	52.732136	1.299657	23.914135	1516.300781	0.229383	0.982084	0.015989	14213.420768
1.000000	114.000000	120052185.000000	19.561386	1.105973	25.716629	165.853638	0.025799	0.120105	0.018096	14077.738183
1.000000	64.000000	32982477.000000	9.001594	1.557593	34.956160	481.085205	0.088425	0.098509	0.043156	14098.738686
1.000000	90.000000	113948973.000000	49.816249	1.098869	20.461985	434.622780	0.119834	0.023765	0.063562	14195.077508
1.000000	56.000000	27142736.000000	20.431092	1.426960	36.274664	499.533264	0.076261	0.109040	0.060311	14106.931023
1.000000	102.000000	53406784.000000	36.405160	1.269289	32.410315	1247.097931	0.244788	0.015186	0.106348	14250.746058
1.000000	44.000000	44700267.000000	4.186192	1.519098	26.818190	420.103516	0.157023	0.094574	0.001360	14084.204821
1.000000	120.000000	29092350.000000	18.308923	1.423322	30.417638	801.786377	0.201587	0.095284	0.021674	14131.879859
1.000000	118.000000	65276385.000000	4.976697	1.415090	29.866027	269.528734	0.070774	0.096332	0.007044	14067.042387
1.000000	88.000000	30485318.000000	40.656166	1.235151	20.382628	443.092773	0.151611	0.003108	0.062910	14192.924611
1.000000	100.000000	66707769.000000	51.565257	0.915663	25.041584	1143.751373	0.255628	0.096078	0.019998	14171.246457
1.000000	96.000000	31283048.000000	31.117458	1.141379	30.276968	409.923950	0.060570	0.150547	0.024438	14120.073019
1.000000	72.000000	21025752.000000	0.000057	1.676247	26.285067	927.490723	0.338374	0.087945	0.018208	14095.162332
1.000000	84.000000	117691237.000000	11.340265	1.168336	28.188782	184.263672	0.036911	0.107296	0.001000	14056.691813
1.000000	74.000000	94125359.000000	16.603569	1.318447	31.667166	386.471985	0.079898	0.117971	0.008754	14096.443765
1.000000	82.000000	108204481.000000	11.329730	1.516294	35.772200	743.363892	0.141987	0.089859	0.046213	14116.439115
1.000000	60.000000	109567178.000000	53.377723	0.896618	25.589711	958.558563	0.193962	0.107643	0.033629	14164.797276
1.000000	66.000000	88028752.000000	43.259826	1.067266	24.949468	639.872711	0.136591	0.111274	0.025019	14150.739212
1.000000	48.000000	95623056.000000	21.292076	1.312112	32.947435	368.823730	0.040430	0.149865	0.034392	14097.707823
1.000000	68.000000	98276515.000000	15.439737	1.396839	31.765378	554.197266	0.115598	0.118768	0.010803	14106.601043
1.000000	46.000000	102528348.000000	43.526311	1.038978	23.637096	496.903030	0.105073	0.143053	0.011842	14148.541107
1.000000	52.000000	52584941.000000	43.009622	1.103414	28.901498	445.240112	0.063371	0.143343	0.075465	14143.853315
1.000000	104.000000	32293959.000000	38.920900	1.145496	29.111871	806.521759	0.156178	0.103066	0.040840	14153.233113
1.000000	77.000000	29579699.000000	40.396004	1.736445	22.681064	273.594421	0.021520	0.205091	0.247578	14158.651092
1.000000	75.000000	115997651.000000	53.682861	1.115234	21.448975	403.875000	0.101453	0.003497	0.101974	14211.502573
1.000000	91.000000	55127875.000000	35.370083	1.173699	32.261949	1412.941620	0.260009	0.074965	0.064230	14188.050128
1.000000	105.000000	107281207.000000	1.830774	1.868601	35.066298	620.161072	0.158958	0.006485	0.131075	14176.064415
1.000000	58.000000	21304522.000000	33.404160	1.118394	27.742088	469.972321	0.088087	0.155585	0.001303	14135.555058
1.000000	110.000000	54763514.000000	69.999962	0.478925	20.379257	1327.820312	0.231223	0.563082	0.096447	14177.925052
1.000000	61.000000	88340544.000000	2.961870	1.648983	26.545295	654.889343	0.228978	0.080354	0.025546	14089.684166
1.000000	49.000000	107968570.000000	39.992502	1.284716	25.137560	550.585327	0.136192	0.004533	0.095879	14204.609286
1.000000	117.000000	74491003.000000	13.989601	1.781145	41.595564	712.896973	0.108688	0.069584	0.138859	14185.879531
1.000000	115.000000	32928113.000000	25.700501	1.381174	34.301409	476.144745	0.040784	0.180803	0.063264	14117.924277
1.000000	79.000000	90939122.000000	3.025010	1.711683	34.410319	639.713989	0.140595	0.093638	0.049151	14088.346894
1.000000	111.000000	31712526.000000	42.095160	1.162782	28.457807	408.643387	0.063836	0.135517	0.075565	14142.136235
1.000000	93.000000	74327452.000000	3.371237	1.766328	20.347631	814.992554	0.475393	0.012197	0.061997	14134.636423
1.000000	107.000000	36520973.000000	0.671082	1.478955	35.063171	273.445312	0.074233	0.001000	0.071620	14157.550641
1.000000	41.000000	101091610.000000	6.209221	1.503767	30.719280	368.998047	0.094538	0.092257	0.022036	14084.767123
1.000000	85.000000	38272677.000000	16.373276	1.493196	38.977265	776.549524	0.114425	0.094924	0.068485	14127.642344
1.000000	73.000000	40995510.000000	19.417178	1.518894	26.319457	1826.259972	0.560644	0.001500	0.074441	14226.915352
1.000000	55.000000	16104942.000000	8.673594	1.510444	29.139572	1952.387184	0.650275	0.062972	0.033325	14171.837767
1.000000	89.000000	107032735.000000	6.197827	1.597917	29.005952	425.367615	0.122504	0.079727	0.036263	14096.034041
1.000000	69.000000	49704354.000000	34.526187	1.180878	30.348698	1306.998688	0.283951	0.080442	0.038974	14174.151537
1.000000	43.000000	61041631.000000	21.799602	1.439715	36.426369	523.160828	0.071914	0.110418	0.072030	14111.421071
1.000000	53.000000	44338348.000000	5.657658	1.601687	26.066839	499.996880	0.179482	0.081101	0.022779	14089.717649
1.000000	59.000000	73757490.000000	0.000057	1.902162	32.884684	852.237305	0.229590	0.026585	0.112602	14175.939479
1.000000	63.000000	102668267.000000	59.338932	0.804024	25.670433	1435.955658	0.271085	0.114299	0.046151	14184.761764
1.000000	47.000000	104444859.000000	3.964394	2.290552	42.472061	917.368408	0.061910	0.332868	0.026283	14219.045025
1.000000	87.000000	85159965.000000	33.806534	2.306136	29.403830	1996.487793	0.297214	0.999889	0.001000	14248.545529
1.000000	113.000000	82957884.000000	50.378509	1.025791	24.910064	596.883636	0.125044	0.096160	0.053260	14155.673184
1.000000	81.000000	49907905.000000	51.948652	1.057957	20.084524	329.370117	0.082064	0.015616	0.082927	14207.930954
1.000000	97.000000	71199314.000000	37.302266	1.206544	27.231685	787.439346	0.189089	0.067849	0.044123	14160.608087
1.000000	71.000000	32039615.000000	17.131997	1.467804	35.109887	487.258377	0.077751	0.112018	0.049675	14100.386320
1.000000	119.000000	69432239.000000	25.375857	1.206879	28.856554	267.465576	0.032421	0.146754	0.038111	14092.131268
1.000000	65.000000	93032861.000000	13.309736	1.479694	32.433205	457.836182	0.092172	0.100536	0.033598	14097.670643
1.000000	99.000000	107815978.000000	40.047736	1.081504	26.069042	345.195052	0.042802	0.170362	0.056174	14123.439127
1.000000	103.000000	61774582.000000	28.552194	1.429248	33.694882	456.188721	0.052675	0.135801	0.091944	14115.510341
1.000000	67.000000	42336881.000000	23.614637	1.303479	30.846543	342.349586	0.043448	0.140946	0.041458	14092.894558
1.000000	51.000000	86543273.000000	0.000004	1.677647	33.222108	659.946655	0.147649	0.100830	0.030020	14090.161941
1.000000	83.000000	40708727.000000	66.997604	0.749962	14.198809	156.957520	0.040976	0.001456	0.084863	14229.706574
1.000000	45.000000	48681435.000000	17.927856	1.430038	26.068773	648.372559	0.205047	0.090564	0.011589	14129.768437
1.000000	95.000000	112900734.000000	30.535929	1.000700	27.203846	264.051132	0.030288	0.184066	0.010480	14109.723299
1.000000	135.000000	57976581.000000	4.297487	1.697462	34.370841	589.682404	0.124554	0.102111	0.045930	14091.599855
1.000000	127.000000	42138342.000000	52.487197	1.031209	24.225874	469.930664	0.078438	0.125294	0.082889	14156.085843
1.000000	109.000000	48209859.000000	44.703428	1.090250	30.241096	1444.996065	0.209248	0.267621	0.051169	14238.372588
1.000000	147.000000	81050355.000000	18.404303	1.586551	35.900632	525.854240	0.087023	0.102000	0.078837	14117.240945
1.000000	131.000000	112726023.000000	34.621056	1.239864	26.400001	794.139420	0.206991	0.068123	0.035974	14158.573449
1.000000	57.000000	16726397.000000	69.998932	0.465332	23.084259	2887.890625	0.504749	0.910183	0.132617	14202.640807
1.000000	144.000000	80641956.000000	0.387926	1.997253	44.478674	795.384735	0.039249	0.214975	0.048138	14194.729321
1.000000	123.000000	92150097.000000	27.283938	1.437646	36.249063	482.719849	0.049783	0.137992	0.102404	14128.386171
1.000000	122.000000	50559573.000000	21.266112	1.503835	34.474907	407.339111	0.058891	0.115373	0.075804	14109.202213
1.000000	126.000000	30838099.000000	14.971697	1.589408	34.616970	418.383209	0.062187	0.107493	0.068357	14109.426741
1.000000	153.000000	83944246.000000	50.538497	0.968238	28.273997	1366.123779	0.212961	0.149258	0.072713	14215.500565
1.000000	132.000000	71452488.000000	33.417292	1.316924	27.275877	387.897705	0.077154	0.001187	0.121233	14212.486932
1.000000	145.000000	98090760.000000	6.862156	1.479848	24.791291	240.473022	0.096999	0.070478	0.022275	14095.436183
1.000000	150.000000	74417248.000000	22.550414	1.437592	35.099725	482.097031	0.070775	0.119986	0.064392	14108.305724
1.000000	143.000000	90903969.000000	33.113757	1.215941	29.811637	631.699493	0.119828	0.095002	0.043008	14140.880040
1.000000	121.000000	68259101.000000	52.656047	0.918562	26.900635	1379.144531	0.263222	0.093851	0.047924	14183.085072
1.000000	128.000000	42789882.000000	3.623443	1.700095	35.828710	736.515991	0.150691	0.096662	0.051246	14091.086877
1.000000	125.000000	55268107.000000	23.854723	1.483148	35.781345	495.353516	0.056776	0.120244	0.095717	14122.648648
1.000000	134.000000	73695329.000000	24.911436	1.296428	31.377928	357.929649	0.052767	0.126265	0.045695	14097.863363
1.000000	138.000000	36189109.000000	20.323863	1.497211	36.064730	559.898438	0.091847	0.103566	0.069855	14117.843280
1.000000	130.000000	117266237.000000	23.900299	1.179877	28.362083	263.478516	0.031282	0.141026	0.031454	14088.867622
1.000000	124.000000	70546507.000000	41.527653	1.160367	29.095866	465.478760	0.068989	0.124362	0.079849	14138.800406
1.000000	101.000000	33988197.000000	69.999999	0.485794	19.158447	1309.620377	0.226165	1.000000	0.350331	14175.574641
1.000000	149.000000	34318013.000000	12.987657	1.654404	32.086685	490.472656	0.137187	0.003446	0.111915	14187.975177
1.000000	154.000000	93662479.000000	18.372459	1.560046	22.993202	823.615234	0.342445	0.015433	0.057407	14177.670668
1.000000	146.000000	111235438.000000	69.998932	1.010376	22.755280	3941.171875	0.658771	0.993766	0.999324	14208.485010
1.000000	129.000000	61334199.000000	8.191862	1.280916	29.537498	204.676636	0.047254	0.098435	0.004812	14060.272722
1.000000	133.000000	77958924.000000	30.384872	1.693701	31.653614	388.892334	0.035875	0.148532	0.167451	14143.359942
1.000000	148.000000	34957083.000000	24.642220	1.364052	33.188462	419.496826	0.042631	0.152237	0.062474	14106.862150
1.000000	136.000000	118943253.000000	27.584517	1.155246	28.797236	276.812225	0.036267	0.147326	0.036383	14098.892056
1.000000	139.000000	117957789.000000	19.143664	1.380355	34.167094	414.066742	0.060762	0.122947	0.040915	14095.209165
1.000000	158.000000	76808638.000000	30.987052	1.169928	23.681272	237.276047	0.017972	0.201080	0.055738	14104.765853
1.000000	152.000000	77128301.000000	19.991194	1.449030	36.730728	550.423988	0.076327	0.116329	0.063607	14109.513480
1.000000	137.000000	103408049.000000	25.365086	1.128486	30.725856	3273.251221	0.636379	0.071895	0.038333	14206.310830
1.000000	142.000000	80468322.000000	20.741665	1.199404	29.187253	240.734497	0.028872	0.137289	0.027846	14088.082250
1.000000	141.000000	103984025.000000	22.622679	1.390354	32.409913	1357.442352	0.291465	0.060442	0.062289	14179.427914
1.000000	151.000000	90863122.000000	36.842218	1.176935	28.585808	419.021194	0.071440	0.111416	0.057589	14131.257662
1.000000	159.000000	117287099.000000	25.303208	1.307814	33.857076	429.096245	0.059386	0.115508	0.059415	14113.147831
1.000000	155.000000	69500858.000000	0.000014	1.694686	44.158456	1071.903320	0.132072	0.125050	0.054291	14123.816865
1.000000	156.000000	85340691.000000	12.410595	1.447026	30.395458	624.495483	0.146306	0.123846	0.001076	14109.644544
1.000000	140.000000	73963051.000000	40.289728	1.134818	27.228541	550.072151	0.106911	0.107132	0.043457	14143.019508
1.000000	160.000000	26978355.000000	2.892616	1.608076	26.061063	2366.889648	0.999440	0.068879	0.023332	14159.861757
1.000000	157.000000	34160758.000000	3.061450	1.602471	34.352311	392.664276	0.081226	0.110946	0.022812	14089.124733
1.000000	17.000000	14373460.000000	67.404444	0.825986	24.096120	1450.536069	0.303009	0.001205	0.068431	14239.943541
1.000000	21.000000	14773456.000000	14.543400	1.534801	31.270711	1527.762427	0.400410	0.033982	0.073072	14192.313197
1.000000	23.000000	14973722.000000	32.206335	1.226476	27.252598	1472.424199	0.384180	0.060791	0.029253	14186.572780
1.000000	19.000000	14581889.000000	32.005565	1.388030	26.174857	299.164660	0.027020	0.169457	0.104764	14118.717409
1.000000	14.000000	14084648.000000	41.324358	1.176610	29.733995	507.526975	0.081333	0.100089	0.082059	14143.884406
1.000000	22.000000	14886253.000000	27.833101	1.298534	28.026018	262.963497	0.030839	0.153643	0.066702	14100.968625
1.000000	25.000000	15185654.000000	27.311727	1.409149	25.548578	565.163428	0.163763	0.001186	0.080916	14190.421493
1.000000	34.000000	16076819.000000	30.777289	1.299636	32.907379	480.935826	0.071497	0.111525	0.071967	14120.258122
1.000000	7.000000	13382932.000000	3.367469	1.601272	33.164458	527.734349	0.119780	0.111693	0.018279	14086.220129
1.000000	33.000000	15984031.000000	34.011639	1.196904	29.539732	374.241037	0.059061	0.128091	0.055024	14119.467900
1.000000	30.000000	15675137.000000	24.419816	1.372937	31.791996	364.508475	0.046997	0.133609	0.060298	14096.501432
1.000000	39.000000	16584386.000000	50.977102	1.012657	27.318248	681.950296	0.111836	0.121466	0.074291	14167.066936
1.000000	8.000000	13480808.000000	27.165620	1.421714	29.367796	432.106184	0.097317	0.004156	0.112344	14201.860601
1.000000	13.000000	13973435.000000	65.377293	0.837105	20.113737	694.770604	0.182876	0.073941	0.039583	14163.933946
1.000000	3.000000	12975662.000000	51.127167	1.097437	23.929205	1065.822754	0.149183	0.554868	0.020068	14207.119071
1.000000	29.000000	15575637.000000	38.985189	1.174320	26.004886	711.186297	0.180705	0.077623	0.034584	14156.183873
1.000000	27.000000	15373686.000000	42.375088	1.070637	27.202937	726.507755	0.140164	0.118942	0.030701	14150.844250
1.000000	38.000000	16473653.000000	17.501218	1.463160	34.111439	416.701195	0.064994	0.110840	0.053024	14100.864507
1.000000	4.000000	13074074.000000	3.083819	1.490579	33.861003	205.861871	0.051423	0.002601	0.083658	14144.180487
1.000000	35.000000	16186511.000000	32.703535	1.231808	30.391421	460.427435	0.081323	0.117320	0.047953	14126.930099
1.000000	18.000000	14474578.000000	61.815359	0.827466	22.828450	812.660524	0.176525	0.117323	0.043054	14161.466299
1.000000	26.000000	15284741.000000	37.367154	1.179883	26.527611	528.474407	0.120104	0.095864	0.036450	14147.217071
1.000000	28.000000	15475060.000000	18.916121	1.483436	36.001803	433.755387	0.046821	0.140638	0.062402	14107.944425
1.000000	5.000000	13175920.000000	30.390178	1.215253	29.605700	329.434616	0.044277	0.143653	0.051900	14103.745439
1.000000	16.000000	14285605.000000	35.077258	1.160230	22.711112	262.088691	0.069710	0.021123	0.068799	14206.484993
1.000000	31.000000	15775133.000000	6.483585	1.350866	30.712781	249.737550	0.050669	0.111257	0.001457	14063.698954
1.000000	1.000000	12783474.000000	24.289761	1.340761	31.152698	305.652614	0.044146	0.131136	0.053107	14101.491403
1.000000	9.000000	13574485.000000	36.118480	1.161926	29.788407	510.328625	0.087959	0.115789	0.045706	14134.022986
1.000000	11.000000	13774063.000000	40.817304	1.068811	27.242204	408.527630	0.055840	0.157346	0.049447	14129.847208
1.000000	6.000000	13273613.000000	14.714767	1.293910	33.585106	292.407002	0.038785	0.131793	0.016046	14090.195453
1.000000	10.000000	13673613.000000	6.735182	1.605592	26.928050	1569.355547	0.532346	0.002073	0.069755	14204.288535
1.000000	12.000000	13873521.000000	12.306386	1.551218	32.589772	477.831631	0.106308	0.094718	0.043552	14099.949275
1.000000	40.000000	16686991.000000	2.059531	1.501103	33.260214	302.219088	0.053609	0.121513	0.004052	14080.933410
1.000000	32.000000	15885633.000000	28.475130	1.264955	28.325695	740.917243	0.170621	0.099098	0.020461	14143.416691
1.000000	20.000000	14684579.000000	29.610039	1.263671	31.710099	495.498161	0.084669	0.116444	0.046359	14122.591120
1.000000	2.000000	12882444.000000	33.606063	1.207748	26.122252	426.537810	0.094358	0.092951	0.036852	14143.026864
1.000000	37.000000	16384725.000000	67.439770	0.882382	19.893182	1251.914172	0.211373	0.999689	0.246046	14185.992624
1.000000	24.000000	15084621.000000	27.384136	1.254759	32.992453	550.438293	0.084491	0.135387	0.031487	14121.760185
1.000000	36.000000	16273476.000000	69.466869	0.707309	17.909062	1020.081704	0.178286	1.000000	0.340196	14176.666146
1.000000	82.000000	61423694.000000	30.369305	1.140923	31.479983	2094.001160	0.385047	0.087683	0.042634	14193.812553
1.000000	15.000000	14180224.000000	2.982013	1.507894	34.063523	237.651434	0.062118	0.002625	0.084046	14149.345053
1.000000	90.000000	87210539.000000	42.265380	1.189753	26.956112	411.453652	0.054377	0.127946	0.093661	14135.069545
1.000000	106.000000	109313867.000000	24.637900	1.525909	33.896833	435.692003	0.047471	0.129335	0.102339	14119.684583
1.000000	68.000000	54641568.000000	19.381059	1.400749	34.274367	411.170013	0.060022	0.121335	0.047655	14096.751430
1.000000	118.000000	71404286.000000	53.734713	1.064462	21.050615	616.918026	0.167460	0.008444	0.065184	14205.491011
1.000000	54.000000	100748025.000000	8.721517	1.291426	27.747658	219.794772	0.003333	0.157392	0.011716	14119.534296
1.000000	84.000000	76546027.000000	15.064522	1.486412	37.084736	489.854845	0.069857	0.121555	0.047165	14103.190695
1.000000	116.000000	75519655.000000	5.826043	2.125438	34.981190	307.569458	0.003786	0.113158	0.156918	14217.108987
1.000000	78.000000	115160572.000000	50.723658	1.060910	25.703279	536.192618	0.101924	0.097897	0.076431	14161.787057
1.000000	104.000000	85533332.000000	57.376701	1.094339	13.781606	201.600086	0.024460	0.249355	0.154374	14175.445789
1.000000	86.000000	62373454.000000	41.252891	1.078757	26.279915	322.322679	0.036502	0.173857	0.077826	14132.045227
1.000000	56.000000	83557840.000000	40.573145	1.235353	26.641078	390.250437	0.039872	0.174799	0.101881	14131.052532
1.000000	100.000000	32233750.000000	32.104259	1.250889	28.542252	323.717422	0.040628	0.144491	0.070959	14104.125257
1.000000	46.000000	19317149.000000	22.520882	1.151359	29.990253	342.454951	0.038905	0.171467	0.001501	14099.498288
1.000000	74.000000	60610813.000000	1.239646	1.727327	23.393081	923.596326	0.395122	0.073139	0.030259	14097.973600
1.000000	76.000000	103310938.000000	30.204704	1.328278	32.620152	536.441992	0.074944	0.104414	0.076711	14126.995993
1.000000	108.000000	77619370.000000	0.415062	1.583903	24.740937	2483.509958	0.997371	0.071278	0.015681	14153.409141
1.000000	66.000000	97752057.000000	26.452203	1.348078	36.369323	601.254361	0.079936	0.123958	0.066614	14121.957152
1.000000	60.000000	89369317.000000	10.431244	1.530135	34.869488	433.180584	0.073549	0.109921	0.038882	14093.763646
1.000000	110.000000	70125164.000000	41.337821	1.090167	27.167245	589.643040	0.108424	0.115329	0.037319	14146.633286
1.000000	62.000000	70515166.000000	4.203013	1.387604	27.098210	188.404372	0.078019	0.008452	0.050420	14141.841378
1.000000	48.000000	54924680.000000	39.669435	1.207519	28.864494	498.119151	0.090031	0.089040	0.076518	14147.050657
1.000000	98.000000	37619659.000000	20.010239	1.346816	35.132879	439.882882	0.051592	0.130643	0.045324	14109.497069
1.000000	102.000000	83193806.000000	6.398413	1.580472	33.593905	441.857385	0.089587	0.100126	0.035194	14091.581031
1.000000	94.000000	68017730.000000	4.879687	1.403103	24.969669	240.118818	0.094504	0.074388	0.006643	14074.890609
1.000000	72.000000	76502132.000000	31.447091	1.310793	31.689858	422.221670	0.053357	0.124909	0.083275	14115.405606
1.000000	89.000000	64526329.000000	7.903263	1.955267	40.903407	706.820171	0.092081	0.105037	0.117043	14136.323507
1.000000	92.000000	107324611.000000	26.712266	1.336575	30.353670	319.662605	0.034225	0.146705	0.073547	14108.204400
1.000000	120.000000	80067598.000000	23.954490	1.330156	33.626302	825.764984	0.149751	0.113175	0.033191	14139.314636
1.000000	64.000000	100293811.000000	39.131830	1.138273	29.142350	997.786017	0.203178	0.053577	0.054962	14193.938887
1.000000	70.000000	84943324.000000	22.596534	1.356747	32.296990	390.002949	0.059833	0.111033	0.053444	14102.692494
1.000000	42.000000	40874659.000000	50.955411	1.082678	24.798887	424.613683	0.069363	0.114197	0.099019	14158.807262
1.000000	50.000000	63585223.000000	19.653862	1.398937	24.553883	600.362620	0.193614	0.090559	0.007168	14128.385087
1.000000	52.000000	87178562.000000	22.909522	1.378791	29.559046	1012.977313	0.262927	0.069743	0.036047	14156.326239
1.000000	58.000000	63816119.000000	60.722269	0.983999	18.849647	739.250815	0.126159	0.999132	0.009261	14190.339587
1.000000	44.000000	67715917.000000	5.563017	1.223482	25.332787	97.193258	0.046708	0.015872	0.033657	14132.452156
1.000000	81.000000	78747212.000000	20.185566	1.290781	18.070222	261.025317	0.132828	0.001176	0.034105	14192.968516
1.000000	88.000000	113403091.000000	3.059503	1.645859	33.449463	712.699505	0.160874	0.109606	0.025906	14091.175979
1.000000	83.000000	83949358.000000	33.074228	1.188662	26.655575	300.189684	0.026920	0.194688	0.062479	14104.616384
1.000000	105.000000	112481271.000000	35.290568	1.163749	32.188695	914.769481	0.163897	0.112645	0.041588	14160.095894
1.000000	114.000000	42886481.000000	19.182732	1.471092	21.685243	513.565735	0.210199	0.001001	0.057270	14177.817333
1.000000	55.000000	73444958.000000	36.631069	1.344081	19.269770	619.891093	0.269052	0.001000	0.050639	14198.864886
1.000000	96.000000	62907882.000000	9.705658	1.543071	24.731283	562.389142	0.219919	0.093620	0.005246	14106.340632
1.000000	103.000000	32834262.000000	30.801955	1.278065	28.554053	426.729418	0.072697	0.100220	0.058972	14129.170429
1.000000	85.000000	49174515.000000	30.411441	1.352618	26.926756	522.232125	0.133927	0.025451	0.076532	14194.459415
1.000000	77.000000	49457924.000000	42.429823	1.235591	20.331087	465.814923	0.162313	0.001022	0.065465	14198.084610
1.000000	117.000000	69054674.000000	41.502031	1.080261	29.280225	1101.451881	0.228700	0.087004	0.041264	14169.347577
1.000000	115.000000	121280947.000000	18.630289	1.270575	28.915231	229.184268	0.044815	0.104033	0.030449	14094.276461
1.000000	67.000000	111589312.000000	5.072738	1.654124	18.515830	389.571111	0.260989	0.001483	0.053815	14144.416271
1.000000	80.000000	26956098.000000	33.123701	1.261060	18.188522	419.490533	0.188748	0.072856	0.003721	14172.809022
1.000000	61.000000	47538420.000000	60.398397	0.981454	19.050153	479.561539	0.135505	0.003109	0.068737	14202.958877
1.000000	45.000000	69903063.000000	0.000000	1.606674	30.454954	339.053540	0.128509	0.001283	0.075839	14147.352934
1.000000	75.000000	81469963.000000	50.741149	1.038391	23.772608	585.966763	0.142912	0.075696	0.050031	14161.167180
1.000000	99.000000	77761529.000000	31.920757	1.213946	32.854546	571.679435	0.084829	0.129853	0.045606	14129.386181
1.000000	53.000000	76875102.000000	14.117566	1.365778	32.123331	302.403551	0.055421	0.110765	0.024143	14085.205833
1.000000	63.000000	32194557.000000	20.911838	1.555925	34.449294	367.701809	0.056926	0.001792	0.164092	14216.306505
1.000000	112.000000	74442023.000000	15.626548	1.477766	24.540959	990.826252	0.373370	0.085374	0.006335	14134.747232
1.000000	107.000000	87536528.000000	27.385773	1.257403	26.896993	1697.668274	0.481767	0.098138	0.001010	14177.642098
1.000000	109.000000	73516236.000000	15.941182	1.487492	35.779978	446.372531	0.057008	0.124971	0.051520	14099.431367
1.000000	97.000000	102574968.000000	26.156098	1.335159	23.146554	654.869407	0.221056	0.094278	0.001751	14144.963930
1.000000	101.000000	104608868.000000	27.133148	1.332221	28.141781	683.666782	0.165506	0.073767	0.039084	14148.001786
1.000000	69.000000	53959279.000000	31.029310	1.284558	28.349533	709.625977	0.179796	0.083919	0.033991	14152.547047
1.000000	127.000000	56234624.000000	23.705828	1.339255	30.770035	349.444932	0.057637	0.113822	0.047939	14101.888480
1.000000	47.000000	80886162.000000	27.541978	1.273308	29.358241	832.364161	0.187397	0.102129	0.019803	14144.398882
1.000000	73.000000	62192549.000000	14.171042	1.240267	23.397074	272.980526	0.138613	0.009835	0.022131	14339.743794
1.000000	132.000000	54521779.000000	28.560028	1.361873	30.196071	357.966686	0.044957	0.132549	0.075485	14106.541330
1.000000	91.000000	71964139.000000	17.840769	1.420119	27.438147	417.763036	0.113447	0.085876	0.027531	14114.900976
1.000000	57.000000	109913885.000000	3.885428	1.491826	30.359525	366.792090	0.101012	0.096957	0.008835	14073.786516
1.000000	65.000000	65947046.000000	0.010986	1.609328	36.611780	530.807456	0.080510	0.145124	0.002676	14107.765787
1.000000	49.000000	50931293.000000	69.980186	1.643255	18.363811	1210.274625	0.208961	0.993682	0.999847	14182.546601
1.000000	93.000000	84243523.000000	25.454672	1.348712	28.238606	520.634895	0.131094	0.082122	0.036499	14135.949960
1.000000	71.000000	43170405.000000	5.499817	1.407711	34.982247	155.654820	0.020105	0.002882	0.092194	14145.738937
1.000000	126.000000	77786084.000000	27.144527	1.314541	34.083209	712.569602	0.128625	0.092381	0.054485	14140.350222
1.000000	51.000000	83114175.000000	33.702384	1.201713	29.345819	482.856210	0.085003	0.113615	0.043271	14130.989540
1.000000	138.000000	85734152.000000	1.730061	1.712584	38.962860	751.957520	0.125327	0.111797	0.048068	14094.000869
1.000000	124.000000	47987920.000000	30.474448	1.223546	27.300926	268.517985	0.032735	0.146990	0.063637	14103.246332
1.000000	119.000000	104636409.000000	45.097205	1.074259	26.540006	630.844334	0.135434	0.095042	0.042710	14153.300701
1.000000	59.000000	46337811.000000	48.422870	0.980039	23.879858	621.684694	0.119964	0.150871	0.021680	14149.095884
1.000000	130.000000	41527245.000000	24.055524	1.293694	32.062382	347.567996	0.038212	0.155542	0.043448	14096.984373
1.000000	41.000000	89529327.000000	14.409441	1.403172	33.105262	344.010288	0.058205	0.114393	0.030335	14090.030993
1.000000	113.000000	51685269.000000	23.259283	1.401118	33.356761	417.572709	0.053874	0.131349	0.060446	14099.832445
1.000000	135.000000	72725538.000000	4.065296	1.459412	27.649566	298.342211	0.104832	0.089261	0.004140	14072.918917
1.000000	122.000000	70406424.000000	0.659829	1.599524	28.110586	574.796354	0.195003	0.103545	0.002123	14094.413881
1.000000	133.000000	54318533.000000	55.627013	0.915729	22.586040	869.691913	0.130518	0.374792	0.029598	14191.529885
1.000000	123.000000	54414721.000000	16.402776	1.117407	28.517512	224.622659	0.029217	0.135727	0.001001	14073.876560
1.000000	125.000000	28880263.000000	13.168776	1.450776	34.473339	390.501347	0.051793	0.131265	0.029464	14095.852639
1.000000	141.000000	50860723.000000	18.153120	1.154291	29.254446	254.741504	0.030275	0.149927	0.003026	14082.110272
1.000000	87.000000	68126565.000000	45.057571	1.057057	25.852633	476.630481	0.079477	0.135710	0.049533	14144.164169
1.000000	131.000000	60123958.000000	52.745903	1.002574	23.721995	463.856187	0.088854	0.111573	0.066258	14153.932194
1.000000	95.000000	25061832.000000	34.789204	1.219195	30.196811	664.529901	0.121285	0.097369	0.051686	14144.273109
1.000000	154.000000	46677590.000000	35.361507	1.189366	31.308705	502.425121	0.072075	0.125619	0.059232	14125.754408
1.000000	128.000000	41721926.000000	18.254636	1.448746	35.090050	457.535990	0.040795	0.169302	0.041236	14116.098029
1.000000	79.000000	104130416.000000	13.705694	1.463502	35.681329	667.236959	0.120764	0.117969	0.026877	14107.213934
1.000000	43.000000	35121220.000000	68.990703	0.681581	17.570347	700.851884	0.131206	0.350960	0.080828	14166.939748
1.000000	140.000000	123032462.000000	31.350579	1.194902	31.872856	1485.683983	0.274014	0.076880	0.051983	14181.638725
1.000000	152.000000	84132190.000000	22.823781	1.374976	29.727377	821.655523	0.212072	0.088190	0.028002	14141.283853
1.000000	136.000000	119977790.000000	19.854125	1.392334	33.002111	360.015759	0.051774	0.126868	0.045254	14095.597064
1.000000	121.000000	48577646.000000	26.949348	1.294885	26.861115	1116.617188	0.314863	0.080645	0.015132	14161.534367
1.000000	146.000000	27365345.000000	29.730650	1.282096	27.594561	269.646878	0.033328	0.146183	0.071571	14103.032240
1.000000	149.000000	65776279.000000	25.518199	1.391461	25.935580	516.613204	0.144314	0.065699	0.045059	14145.473914
1.000000	160.000000	29819440.000000	40.699243	1.131556	27.553847	700.930025	0.142860	0.083644	0.047220	14154.351601
1.000000	129.000000	68607701.000000	33.558976	1.208087	24.848172	792.869820	0.226104	0.106334	0.001030	14152.458817
1.000000	148.000000	104184624.000000	44.667720	0.985972	23.803709	368.622050	0.046314	0.205699	0.038255	14141.452673
1.000000	150.000000	91966783.000000	25.465100	1.342020	32.361900	365.366765	0.048353	0.128393	0.064704	14102.707974
1.000000	142.000000	100124937.000000	26.562310	1.551978	35.356840	477.678371	0.051875	0.133094	0.114965	14124.784816
1.000000	137.000000	64081386.000000	34.102695	1.186872	27.573192	320.013373	0.028328	0.195275	0.068241	14111.575384
1.000000	134.000000	106578055.000000	32.897742	1.213833	30.934104	575.200050	0.104643	0.115406	0.038914	14136.163910
1.000000	147.000000	110338643.000000	21.518002	1.498419	39.935617	624.526774	0.074258	0.108925	0.096416	14130.857503
1.000000	144.000000	46534349.000000	27.561589	1.283199	30.132918	326.944040	0.044299	0.134765	0.057025	14095.494976
1.000000	151.000000	117940381.000000	40.020042	1.202936	18.309983	568.579330	0.239580	0.072652	0.002457	14169.566661
1.000000	139.000000	98298877.000000	42.305333	1.184350	19.002824	322.246928	0.108409	0.012274	0.062458	14197.869214
1.000000	111.000000	71292248.000000	31.247202	1.211294	28.047908	310.913267	0.034935	0.165047	0.056622	14101.943181
1.000000	157.000000	55261774.000000	28.414385	1.088012	28.688441	370.486562	0.051409	0.164966	0.001001	14114.736607
1.000000	156.000000	103111672.000000	26.015642	1.309584	30.367827	321.495942	0.040789	0.141063	0.054728	14099.835502
1.000000	145.000000	121986504.000000	5.606110	1.624354	17.855481	420.716279	0.282977	0.053072	0.018885	14112.321650
1.000000	153.000000	111412335.000000	43.348053	1.182200	25.286804	543.193935	0.129692	0.007240	0.085889	14211.338674
1.000000	158.000000	38464435.000000	40.254781	1.130240	26.781469	581.021182	0.123885	0.098257	0.038258	14146.205473
1.000000	143.000000	114916422.000000	35.907558	1.141425	28.469152	359.405692	0.046616	0.146681	0.058440	14116.124522
1.000000	155.000000	84327443.000000	46.885836	1.020274	24.462718	404.331013	0.059643	0.161478	0.055409	14143.249093
1.000000	159.000000	60162149.000000	18.334811	1.297518	30.887521	188.976221	0.036855	0.032139	0.094756	14193.075168
1.000000	23.000000	30380653.000000	3.207696	1.808470	32.534890	264.255010	0.047980	0.042198	0.110550	14165.166310
1.000000	11.000000	29184359.000000	58.567461	0.920632	25.755222	1979.335500	0.424329	0.055971	0.056141	14215.108276
1.000000	21.000000	30175968.000000	17.389353	1.462218	33.097826	874.545171	0.181701	0.078122	0.050736	14136.228760
1.000000	27.000000	30789342.000000	36.372650	1.191978	27.513120	812.157295	0.198658	0.085840	0.030116	14155.486619
1.000000	40.000000	32089584.000000	22.716811	1.516943	24.279142	719.724938	0.249860	0.009011	0.070809	14182.681720
1.000000	38.000000	31888190.000000	22.151083	1.375952	36.431057	613.781772	0.088863	0.111153	0.055732	14118.399079
1.000000	8.000000	28889146.000000	44.819147	1.208509	20.842303	253.347199	0.022557	0.223535	0.144802	14137.044164
1.000000	31.000000	31189662.000000	31.580899	1.247962	27.398402	299.496708	0.032107	0.169822	0.066057	14100.548118
1.000000	4.000000	28476030.000000	31.588503	1.235327	32.433742	809.428554	0.138056	0.109577	0.044341	14147.443821
1.000000	35.000000	31576083.000000	49.918437	1.061612	25.654261	601.632666	0.118308	0.074289	0.073505	14167.743587
1.000000	28.000000	30881677.000000	39.765581	1.172347	28.305700	392.056199	0.044560	0.163515	0.084527	14124.678713
1.000000	12.000000	29288158.000000	29.511570	1.308614	27.528717	579.524147	0.127598	0.087589	0.040927	14144.846912
1.000000	32.000000	31280355.000000	42.812594	1.236041	14.000162	357.200844	0.186146	0.009498	0.033712	14202.907007
1.000000	3.000000	28387245.000000	42.399052	1.093611	27.787686	549.214047	0.095566	0.114769	0.050692	14143.986000
1.000000	33.000000	31385038.000000	6.049227	1.608659	37.991238	2145.617615	0.405088	0.038640	0.112553	14222.623222
1.000000	16.000000	29680582.000000	17.584662	1.402878	32.174164	499.501493	0.101044	0.102650	0.030338	14105.391759
1.000000	9.000000	28980316.000000	42.018087	1.047107	25.452985	472.474785	0.083282	0.172964	0.014122	14147.295352
1.000000	26.000000	30689580.000000	34.087912	1.170528	29.209139	1038.166847	0.225685	0.097266	0.024794	14157.450154
1.000000	25.000000	30581908.000000	21.855617	1.413893	32.801372	1079.290635	0.260042	0.074776	0.049895	14158.807636
1.000000	13.000000	29389900.000000	41.687562	1.079999	24.423042	305.368267	0.042119	0.154823	0.066866	14131.490280
1.000000	2.000000	28275975.000000	69.776321	0.805694	18.230416	967.659372	0.169892	0.567749	0.206964	14178.373268
1.000000	5.000000	28582182.000000	20.728340	1.327247	37.063193	1207.167643	0.194855	0.089670	0.053232	14165.021827
1.000000	22.000000	30289238.000000	39.815819	1.098582	27.424616	417.462708	0.061552	0.151760	0.044917	14133.265328
1.000000	34.000000	31480617.000000	5.548987	1.554384	27.762773	430.263959	0.146241	0.084168	0.019271	14083.609487
1.000000	17.000000	29778832.000000	28.591074	0.930510	24.337454	113.813232	0.014678	0.050610	0.088222	14200.032260
1.000000	18.000000	29877901.000000	33.608140	1.225961	30.466905	882.207610	0.184124	0.082592	0.045125	14154.732109
1.000000	15.000000	29576060.000000	26.347736	1.326169	31.533258	383.217451	0.041256	0.142020	0.065103	14103.532051
1.000000	36.000000	31676145.000000	38.961127	1.254013	24.808020	395.092728	0.103932	0.002313	0.097282	14205.526056
1.000000	20.000000	30075981.000000	27.514575	1.299911	22.824679	416.478785	0.132053	0.073989	0.021820	14151.337016
1.000000	30.000000	31079412.000000	8.511663	1.230586	27.357337	143.269814	0.048230	0.079477	0.007582	14069.533465
1.000000	24.000000	30487484.000000	43.554303	1.082711	27.208842	851.426252	0.188517	0.089219	0.036807	14159.620983
1.000000	37.000000	31780309.000000	9.346638	1.473545	33.333048	1491.267352	0.400890	0.083527	0.029316	14161.827923
1.000000	19.000000	29976873.000000	33.937172	1.144278	28.096595	1213.863228	0.259445	0.115973	0.009430	14167.405145
1.000000	1.000000	28185904.000000	19.905117	1.422168	34.466531	567.170189	0.093418	0.120800	0.040113	14109.476430
1.000000	6.000000	28676001.000000	29.820839	1.132793	27.536763	285.951724	0.040058	0.147390	0.031292	14102.733171
1.000000	7.000000	28782546.000000	35.797630	1.147747	26.815452	578.416161	0.110277	0.125093	0.020952	14142.696841
1.000000	14.000000	29488911.000000	13.859116	1.324627	31.965133	274.012578	0.045929	0.121230	0.016284	14080.812335
1.000000	39.000000	31981320.000000	69.990614	0.100000	21.968013	3272.386642	0.532658	0.847638	0.477771	14200.707692
1.000000	110.000000	78963148.000000	35.699605	1.208299	32.325683	525.918915	0.091255	0.108243	0.060985	14141.641363
1.000000	48.000000	58734978.000000	34.722803	1.279420	25.850661	1527.409190	0.434632	0.021405	0.050854	14219.397403
1.000000	10.000000	29082555.000000	38.751062	1.149876	27.015652	612.748010	0.137548	0.092836	0.035254	14147.829494
1.000000	120.000000	109897706.000000	18.645164	1.459049	34.089246	415.524045	0.061626	0.115301	0.056680	14102.106057
1.000000	94.000000	96676836.000000	11.911337	1.612463	31.198290	570.090643	0.131311	0.082308	0.054295	14110.246215
1.000000	102.000000	40306041.000000	16.551052	1.577192	37.328845	506.866393	0.063325	0.121732	0.073280	14109.500266
1.000000	108.000000	68229879.000000	34.230577	1.444414	26.424745	305.068403	0.027169	0.176413	0.128587	14123.991167
1.000000	72.000000	18416044.000000	26.410754	1.413671	27.004751	524.839119	0.148644	0.002862	0.085998	14194.155056
1.000000	64.000000	99997639.000000	36.045655	1.232937	26.122745	671.453414	0.157252	0.072440	0.044956	14159.178565
1.000000	82.000000	19160703.000000	20.524098	1.018920	31.638539	133.136660	0.012033	0.003094	0.098093	14200.377282
1.000000	96.000000	82768655.000000	3.717547	1.689117	32.878226	366.779554	0.089451	0.013155	0.104564	14163.076236
1.000000	62.000000	60040184.000000	42.884256	1.053884	23.467094	838.870807	0.209086	0.110604	0.001726	14161.509570
1.000000	86.000000	49721795.000000	25.851603	1.335024	35.000642	532.886917	0.061548	0.138113	0.059284	14112.728454
1.000000	104.000000	46538209.000000	10.864117	1.404240	29.201075	270.973805	0.083630	0.011142	0.067922	14168.104677
1.000000	74.000000	101412747.000000	28.483505	1.239431	29.762725	337.100721	0.038032	0.155164	0.050407	14098.922680
1.000000	29.000000	30987765.000000	41.480926	1.062782	26.241473	791.264854	0.166475	0.114646	0.017020	14154.895143
1.000000	66.000000	73056197.000000	23.785886	1.404090	32.087741	384.592995	0.051744	0.128485	0.061715	14101.748026
1.000000	90.000000	69827231.000000	46.712832	1.179294	14.725001	493.388507	0.269557	0.051334	0.002959	14184.297265
1.000000	112.000000	72224251.000000	11.112015	1.688538	38.513066	590.931254	0.078086	0.117470	0.070300	14110.189685
1.000000	70.000000	60494756.000000	61.289285	1.224632	21.722547	1174.642547	0.188934	0.996906	0.106634	14209.732681
1.000000	76.000000	32802965.000000	11.576333	1.137454	26.990784	149.969936	0.023917	0.114196	0.002872	14061.007074
1.000000	116.000000	114138618.000000	21.013072	1.262452	29.002068	273.437588	0.032812	0.140657	0.031207	14092.684525
1.000000	106.000000	119890748.000000	15.980009	1.484089	24.541308	419.078192	0.159773	0.001237	0.067558	14171.968490
1.000000	44.000000	73617233.000000	16.422827	1.298748	31.273341	286.127285	0.047310	0.121607	0.018818	14084.386231
1.000000	84.000000	45436655.000000	13.082076	1.641792	33.813889	188.606497	0.017438	0.010831	0.179593	14196.115804
1.000000	54.000000	33560201.000000	3.721848	1.521974	30.808401	360.193359	0.102527	0.088512	0.018543	14084.430869
1.000000	100.000000	44495229.000000	6.849226	1.377922	29.618848	198.465494	0.042292	0.092476	0.017568	14079.858973
1.000000	58.000000	19945523.000000	41.899024	1.085507	26.491023	1003.585259	0.208363	0.096805	0.030967	14165.199546
1.000000	68.000000	46072112.000000	15.412071	1.441956	33.051087	409.891913	0.074530	0.106924	0.037735	14095.347770
1.000000	78.000000	33891545.000000	53.689373	0.947365	26.606137	2175.380324	0.435257	0.057298	0.057899	14212.095699
1.000000	88.000000	75478389.000000	22.760167	1.191507	25.641348	215.170907	0.070365	0.002633	0.062926	14201.487453
1.000000	50.000000	27986176.000000	10.623176	1.586512	34.933640	479.558091	0.082470	0.107500	0.047944	14096.038862
1.000000	52.000000	64084078.000000	37.498527	1.199156	27.105793	543.652884	0.117959	0.085043	0.047509	14146.386369
1.000000	119.000000	53455622.000000	38.116977	2.021422	31.209237	446.008907	0.058385	0.001562	0.373645	14281.884898
1.000000	56.000000	27246708.000000	50.510907	1.030825	23.894123	1016.220291	0.157957	0.430389	0.003731	14199.039127
1.000000	42.000000	35946094.000000	16.568584	1.404060	30.110918	603.019223	0.140243	0.119727	0.006869	14116.200976
1.000000	114.000000	22512880.000000	44.718004	1.024896	26.270823	746.825838	0.139405	0.129316	0.027223	14153.290277
1.000000	101.000000	61275194.000000	34.871670	1.294362	24.776992	474.335651	0.127113	0.001056	0.085324	14196.949288
1.000000	109.000000	21770175.000000	50.528956	1.037041	28.925417	963.893134	0.158223	0.087049	0.089525	14196.887635
1.000000	80.000000	58949143.000000	26.044318	1.087467	26.008422	217.074852	0.040611	0.117420	0.019016	14105.121936
1.000000	103.000000	36804215.000000	29.006946	1.457837	31.695032	1718.359993	0.243630	0.402658	0.002417	14246.168554
1.000000	73.000000	63304921.000000	17.478297	1.466132	31.682876	182.008827	0.010388	0.007034	0.190583	14207.444040
1.000000	92.000000	44053279.000000	28.478223	1.027665	23.758932	201.080849	0.017547	0.191415	0.021900	14094.243582
1.000000	95.000000	73960456.000000	30.610178	1.321930	33.420677	442.801784	0.049978	0.139704	0.083040	14117.697828
1.000000	107.000000	27810102.000000	18.055530	1.347642	31.434963	1247.224132	0.281296	0.108411	0.010163	14158.852423
1.000000	63.000000	105549766.000000	19.156256	1.412522	34.481362	395.255318	0.046925	0.143536	0.045239	14099.818451
1.000000	60.000000	41455766.000000	37.423084	1.093778	26.689502	2714.172319	0.660618	0.091876	0.009735	14194.928445
1.000000	47.000000	48640298.000000	0.025813	1.675455	24.347559	1441.288878	0.607303	0.081972	0.016980	14109.444894
1.000000	89.000000	52296898.000000	14.634470	1.441213	29.519429	1292.079475	0.355181	0.094333	0.015917	14146.626967
1.000000	85.000000	116783161.000000	18.840999	1.528833	17.556896	419.536745	0.238948	0.025772	0.037572	14172.484204
1.000000	93.000000	58911174.000000	42.337348	1.113838	24.915041	306.491099	0.031941	0.190010	0.091643	14127.788269
1.000000	111.000000	67336403.000000	20.162480	1.375384	30.719514	333.990356	0.080020	0.005528	0.095671	14192.754148
1.000000	71.000000	104782790.000000	45.593248	1.103376	28.197762	525.720442	0.086853	0.099891	0.079371	14150.760924
1.000000	46.000000	93865123.000000	35.856970	1.217531	20.888314	484.060514	0.175708	0.083519	0.007478	14164.270588
1.000000	65.000000	106645398.000000	28.325174	1.320311	32.765942	423.877499	0.056547	0.125943	0.068197	14107.599442
1.000000	118.000000	82050890.000000	0.702740	1.676083	25.314558	980.302941	0.375990	0.086347	0.017903	14096.959957
1.000000	61.000000	87139485.000000	27.326491	1.289242	26.835224	930.331978	0.254343	0.087546	0.013508	14152.229391
1.000000	53.000000	84541645.000000	2.225360	1.689968	21.198654	1944.684836	0.999709	0.054122	0.029248	14134.683737
1.000000	75.000000	100562502.000000	41.368645	1.312065	33.903734	1288.636612	0.203841	0.062079	0.148162	14260.865609
1.000000	81.000000	36646597.000000	39.618215	1.082182	25.767582	533.845612	0.112781	0.138298	0.010757	14146.936764
1.000000	115.000000	22854647.000000	24.382684	1.458407	31.939081	356.944377	0.036986	0.146193	0.079836	14112.042694
1.000000	105.000000	21998458.000000	15.653632	1.181440	27.375604	179.596148	0.033507	0.106453	0.015435	14073.388468
1.000000	99.000000	90407567.000000	31.158427	1.220418	29.483932	1551.019244	0.365221	0.081014	0.029742	14174.174456
1.000000	69.000000	95897793.000000	6.156187	1.653329	14.456899	334.247109	0.351912	0.001048	0.038963	14140.177138
1.000000	98.000000	106098721.000000	17.285123	1.378835	30.021521	1347.347033	0.336873	0.098485	0.012751	14156.844701
1.000000	67.000000	95801835.000000	35.024621	1.323109	33.447016	487.094903	0.065180	0.101085	0.114666	14151.511320
1.000000	43.000000	68174864.000000	30.152079	1.241717	31.616931	990.246932	0.205169	0.087437	0.040344	14158.518507
1.000000	57.000000	96062660.000000	17.252843	1.339432	32.914231	335.613999	0.047785	0.127218	0.028932	14091.158950
1.000000	87.000000	81059909.000000	21.915045	1.398446	33.177031	395.666015	0.057330	0.120047	0.056046	14099.380074
1.000000	51.000000	65593494.000000	29.760722	1.367404	30.861788	370.578331	0.040607	0.144090	0.086985	14107.581966
1.000000	55.000000	28442475.000000	37.514193	1.221146	30.812445	477.847714	0.064651	0.121478	0.083994	14129.897904
1.000000	133.000000	114809552.000000	18.858038	1.248641	29.767916	3954.319967	0.926376	0.070083	0.033302	14196.622347
1.000000	83.000000	73311087.000000	41.900150	1.125354	26.880996	663.125145	0.145186	0.092180	0.042264	14150.982069
1.000000	128.000000	85733194.000000	26.212287	1.462258	35.592060	495.735906	0.054044	0.139160	0.091241	14117.223667
1.000000	130.000000	30830323.000000	2.319753	1.639838	27.212843	650.963949	0.211129	0.086816	0.021206	14088.578508
1.000000	91.000000	45903178.000000	41.050471	1.161419	25.792963	952.419340	0.225767	0.059283	0.045329	14176.354285
1.000000	41.000000	53382642.000000	4.706397	1.527993	32.743312	539.836911	0.113621	0.125147	0.002845	14090.908618
1.000000	59.000000	91980811.000000	30.726943	1.433962	30.761695	390.865753	0.038290	0.163068	0.098518	14117.576089
1.000000	144.000000	95366873.000000	23.584547	1.296041	31.141715	310.504201	0.045935	0.130015	0.043749	14096.819165
1.000000	125.000000	102982120.000000	31.741643	1.113129	24.109222	217.373700	0.025406	0.170289	0.045936	14097.992136
1.000000	77.000000	60297363.000000	24.342745	1.307767	31.648082	353.210767	0.043804	0.140062	0.048242	14095.599302
1.000000	79.000000	54049064.000000	0.364575	1.723344	19.490342	548.015591	0.385031	0.001293	0.056175	14126.977756
1.000000	129.000000	49054510.000000	29.495543	1.294079	31.790742	385.192596	0.040172	0.161125	0.067434	14107.017355
1.000000	124.000000	110902320.000000	13.455150	1.509885	40.746824	748.293029	0.113917	0.105781	0.057918	14121.762072
1.000000	136.000000	37161640.000000	21.670139	1.682293	33.201536	526.498584	0.103046	0.011228	0.153936	14215.181591
1.000000	132.000000	111035380.000000	15.418661	1.392216	33.433640	310.506524	0.051912	0.114056	0.035501	14092.958892
1.000000	121.000000	64127782.000000	52.395532	0.961990	24.855475	824.859700	0.186330	0.097371	0.035587	14160.404851
1.000000	139.000000	55276314.000000	40.302904	1.256820	21.999956	486.529736	0.154071	0.008800	0.069361	14197.941378
1.000000	122.000000	57730145.000000	38.531604	1.143486	30.698513	598.942906	0.102385	0.112302	0.051725	14141.665603
1.000000	156.000000	64598880.000000	36.014205	1.602804	27.334942	356.820570	0.027537	0.186053	0.178890	14144.284858
1.000000	148.000000	53048061.000000	5.697572	1.667583	36.276549	628.152933	0.121230	0.096807	0.053278	14093.323018
1.000000	131.000000	61552346.000000	51.513960	1.484043	22.212152	1013.436775	0.130946	0.983977	0.029815	14218.224522
1.000000	49.000000	109029563.000000	14.493100	1.490028	33.370065	410.499849	0.077773	0.104703	0.042273	14095.561814
1.000000	45.000000	63537879.000000	34.864258	1.346196	19.606026	494.876469	0.204752	0.003985	0.055726	14197.271149
1.000000	117.000000	47643352.000000	18.662780	1.590909	30.966255	568.999016	0.142893	0.001132	0.114959	14192.985182
1.000000	113.000000	73609926.000000	39.583945	1.116806	28.894137	437.128276	0.055062	0.155452	0.062330	14130.249109
1.000000	135.000000	71674140.000000	21.993132	1.341598	31.092035	327.804748	0.035586	0.144306	0.047942	14100.447556
1.000000	140.000000	93711393.000000	35.829231	1.066756	28.930425	2575.574458	0.483396	0.078319	0.042199	14201.637200
1.000000	127.000000	63800677.000000	38.758487	1.189795	28.741627	801.605225	0.171109	0.071978	0.054946	14161.631744
1.000000	145.000000	49368078.000000	21.164765	1.350661	33.440076	378.900144	0.052680	0.130233	0.043044	14095.511889
1.000000	147.000000	110041177.000000	51.423629	1.152961	22.808169	746.488143	0.105817	0.531974	0.018007	14206.470027
1.000000	150.000000	75429711.000000	19.013996	1.440905	35.697245	445.640638	0.068401	0.118883	0.050699	14102.136446
1.000000	149.000000	89344014.000000	40.401099	1.277371	21.878566	269.616974	0.020305	0.233155	0.123819	14125.309373
1.000000	97.000000	24792835.000000	18.190255	1.437376	27.932244	653.261627	0.185705	0.089966	0.019578	14124.162308
1.000000	141.000000	61320320.000000	40.139324	1.200164	25.987669	347.315628	0.031574	0.193921	0.101705	14120.947727
1.000000	157.000000	49422016.000000	23.232074	1.355111	35.830540	521.205737	0.071868	0.132576	0.049040	14112.411432
1.000000	146.000000	49423887.000000	31.571326	1.045792	28.162842	337.976776	0.044335	0.172981	0.008573	14117.894851
1.000000	151.000000	61994675.000000	11.957413	1.479443	32.107470	373.426887	0.076827	0.102152	0.032248	14091.901099
1.000000	126.000000	54957510.000000	26.974875	1.279513	28.731744	564.268734	0.125065	0.104175	0.021483	14132.831848
1.000000	153.000000	34855711.000000	34.339526	1.213458	27.094580	318.717370	0.033672	0.173516	0.070351	14108.828302
1.000000	138.000000	27401734.000000	52.163235	1.080606	27.267941	1031.555489	0.200948	0.002374	0.106592	14247.743182
1.000000	123.000000	53163915.000000	38.344864	1.100829	29.089652	873.676870	0.158775	0.123729	0.025409	14155.640347
1.000000	137.000000	62682385.000000	4.239693	1.692840	31.775098	574.589481	0.148836	0.089946	0.044419	14089.463101
1.000000	143.000000	120884375.000000	43.605127	1.073189	27.424945	855.466863	0.183618	0.093041	0.035948	14160.473584
1.000000	155.000000	109016482.000000	21.194935	1.289260	30.395164	282.728518	0.039624	0.131204	0.036255	14090.766490
1.000000	152.000000	55042087.000000	27.018587	1.362346	39.018125	933.575159	0.133093	0.086690	0.090723	14172.927489
1.000000	158.000000	50351936.000000	35.934731	1.366938	26.950189	306.207099	0.030719	0.172017	0.122432	14121.862658
1.000000	134.000000	113885360.000000	17.848241	1.477415	26.525756	412.904343	0.132283	0.001085	0.080364	14183.527003
1.000000	154.000000	82655974.000000	55.081719	0.864731	21.272197	715.072510	0.154925	0.181800	0.002309	14157.578550
1.000000	159.000000	50468969.000000	28.241392	1.219196	30.545060	409.334169	0.065359	0.124624	0.036353	14116.511752
1.000000	142.000000	96929149.000000	19.520782	1.321475	34.141627	540.159285	0.072959	0.163104	0.007430	14119.878426
1.000000	160.000000	122832305.000000	0.195420	1.709409	27.616193	878.162976	0.286299	0.086561	0.029485	14093.039069
