1.000000	5.000000	24246741.000000	6.865997	1.319116	63.470306	1.146753	8.806030	1123.781250	0.220755	0.015375	0.106597	18186.452032
1.000000	14.000000	25147330.000000	21.647473	1.364484	60.684758	1.346309	8.594922	865.643128	0.133550	0.008410	0.189699	18196.476943
1.000000	25.000000	26245900.000000	11.087341	1.212320	41.424612	1.316399	7.135938	546.110590	0.073959	0.032556	0.103812	18061.534151
1.000000	30.000000	26748746.000000	45.111613	1.038903	0.019869	1.576356	5.648244	589.371173	0.102719	0.002366	0.105381	17863.385370
1.000000	21.000000	25849547.000000	25.376661	1.156550	34.942751	1.497247	7.019828	1129.120288	0.149061	0.002789	0.134613	18086.279920
1.000000	6.000000	24344143.000000	18.703335	1.272133	0.043280	1.773619	5.354987	552.889328	0.043835	0.007024	0.199061	17861.974410
1.000000	34.000000	27147323.000000	31.888198	0.992210	35.166366	1.436241	6.542086	397.835271	0.040451	0.023264	0.151257	18083.953999
1.000000	22.000000	26522230.000000	50.920995	0.808133	39.323895	1.322080	6.842351	265.126414	0.045508	0.038827	0.092298	18125.170853
1.000000	35.000000	27244099.000000	43.837745	1.067872	0.004865	1.646422	6.112767	650.569852	0.110124	0.003963	0.116299	17871.939415
1.000000	40.000000	27748004.000000	33.884656	1.178838	0.000010	1.949369	6.570985	833.338718	0.092485	0.009606	0.192286	17954.173171
1.000000	27.000000	26444956.000000	33.056694	1.125157	23.482459	1.577460	7.524566	983.250499	0.183225	0.021550	0.086553	18061.529371
1.000000	29.000000	26650708.000000	0.000000	1.212171	26.075936	1.259979	7.017349	884.103628	0.069846	0.103253	0.072997	17980.584654
1.000000	18.000000	25546128.000000	11.914377	1.133921	30.099551	1.298258	6.106560	865.872430	0.051546	0.119655	0.108511	18011.707594
1.000000	38.000000	27545878.000000	49.805530	0.959714	0.451821	1.882324	5.685673	409.124659	0.042780	0.007087	0.207669	17868.057938
1.000000	19.000000	25646351.000000	24.509649	0.995276	0.039431	1.529754	5.510695	357.906619	0.028984	0.011277	0.144678	17820.783571
1.000000	8.000000	24547337.000000	43.244683	0.957013	22.247689	1.826370	7.099536	417.268106	0.048409	0.033782	0.162052	18080.699087
1.000000	9.000000	24647411.000000	48.731714	0.910079	36.260554	1.332346	6.839854	1497.725924	0.296017	0.008276	0.060386	18071.286609
1.000000	12.000000	24951298.000000	21.153916	1.226097	57.227144	0.930107	6.506564	887.530409	0.104767	0.122079	0.073031	17928.592653
1.000000	3.000000	24051027.000000	49.297694	0.881520	3.506571	1.598999	6.731935	1853.874477	0.345464	0.016230	0.070981	18058.637877
1.000000	11.000000	24845858.000000	23.801702	1.183701	26.292125	1.386098	6.571292	417.445927	0.163995	0.008673	0.029782	18112.216457
1.000000	39.000000	27651378.000000	19.640139	1.142923	57.789660	0.754138	6.207865	1450.344450	0.183567	0.162719	0.031877	17894.659891
1.000000	28.000000	26545894.000000	11.578192	1.332612	0.000016	1.680971	6.560998	868.123694	0.166816	0.007369	0.097899	17902.792059
1.000000	33.000000	27622242.000000	14.817521	1.091988	0.003480	1.546807	6.775214	419.875167	0.051966	0.027027	0.095609	17908.636201
1.000000	37.000000	27443837.000000	26.118692	1.009931	27.270610	1.251215	6.438910	318.638159	0.085272	0.021992	0.031424	18137.513688
1.000000	16.000000	25343583.000000	56.701656	0.900844	0.077291	1.659596	6.305168	846.934666	0.139567	0.003043	0.116848	17893.859746
1.000000	4.000000	24151961.000000	55.200555	0.926294	0.004122	1.823459	5.781039	478.972372	0.062423	0.006425	0.170916	17871.033995
1.000000	2.000000	23951706.000000	7.500287	1.272239	43.210081	1.040698	7.053975	1170.280836	0.164917	0.153806	0.011339	17903.175093
1.000000	15.000000	25243597.000000	22.394958	1.020999	48.111226	0.968474	6.276104	1883.997771	0.206422	0.154453	0.067182	17959.428289
1.000000	1.000000	23849106.000000	24.003079	1.096365	51.753024	0.901876	6.596131	1179.662815	0.136419	0.158129	0.046576	17901.588314
1.000000	24.000000	26143574.000000	12.262492	1.347119	0.002475	1.641823	5.801509	966.137153	0.183899	0.001000	0.094501	17870.539101
1.000000	36.000000	27347550.000000	43.115171	0.990006	67.685174	0.963691	6.981465	823.393177	0.141882	0.011795	0.085952	18080.183925
1.000000	10.000000	24743589.000000	6.314375	1.223770	37.529432	1.300192	6.218254	391.100755	0.118259	0.016829	0.039085	18115.036344
1.000000	31.000000	26845215.000000	24.981788	1.171031	69.833176	0.880008	6.521144	388.935053	0.166963	0.046338	0.001052	18096.514268
1.000000	17.000000	25444621.000000	25.177345	1.087807	53.005527	0.850106	6.343118	1150.583197	0.141779	0.175433	0.026436	17883.865744
1.000000	32.000000	27522296.000000	54.372765	0.972862	20.451056	1.474944	6.729319	782.438043	0.228701	0.001463	0.047328	18040.962536
1.000000	23.000000	26043569.000000	47.719435	1.009686	0.008975	1.530653	5.826328	619.922081	0.121034	0.001748	0.090909	17869.881781
1.000000	7.000000	24446724.000000	0.503851	1.331183	43.546268	1.016457	6.644980	980.193516	0.124101	0.130027	0.021477	17904.468825
1.000000	13.000000	25046715.000000	32.723228	0.992250	50.622358	0.948581	6.713015	609.064168	0.059468	0.194188	0.047734	17894.290936
1.000000	20.000000	26322242.000000	32.313967	1.094693	33.226341	1.382681	7.481004	521.407450	0.135233	0.034631	0.045957	18125.360136
1.000000	68.000000	80922788.000000	12.026891	1.393409	0.001754	1.854059	6.672183	1098.830587	0.173618	0.007896	0.134943	17949.817105
1.000000	94.000000	26267885.000000	8.113005	1.181432	19.705636	1.527407	6.374458	839.810928	0.057044	0.082664	0.118457	18043.063114
1.000000	50.000000	83091903.000000	4.096422	1.140810	22.720233	1.179641	6.498460	805.230981	0.056577	0.162510	0.014502	17936.201052
1.000000	26.000000	26922238.000000	24.898666	1.162492	67.200533	0.691550	6.667392	1009.869315	0.156205	0.132469	0.033567	17879.971394
1.000000	120.000000	23938278.000000	45.980023	1.097013	0.000421	1.936057	5.666169	673.333073	0.071021	0.003324	0.212310	17910.342189
1.000000	52.000000	18858215.000000	0.050292	1.143707	15.871209	1.363142	6.175955	840.242322	0.045627	0.096812	0.093989	18001.797985
1.000000	98.000000	88700948.000000	24.932588	1.144477	48.323648	1.225058	6.945533	570.758017	0.150353	0.002245	0.054653	18094.305736
1.000000	76.000000	29410386.000000	4.137466	1.171372	26.857140	1.132833	6.681552	696.720990	0.051070	0.143670	0.025950	17939.683544
1.000000	110.000000	26430693.000000	41.724671	0.799503	5.875009	1.501597	6.628606	2357.420245	0.341520	0.018896	0.079605	18104.624604
1.000000	100.000000	59776030.000000	55.238164	0.967571	0.000053	1.657028	6.409501	644.370653	0.151591	0.014659	0.076090	17910.667073
1.000000	78.000000	42189906.000000	35.333289	1.223041	0.062894	1.608708	6.872254	606.190815	0.204296	0.015085	0.052642	17965.223678
1.000000	108.000000	70220331.000000	0.057991	1.347548	66.362467	0.673203	6.334846	1833.462057	0.257213	0.127351	0.040174	17898.063402
1.000000	106.000000	48076895.000000	15.452537	1.335951	69.993646	1.074798	6.828863	1023.768025	0.116396	0.001917	0.202205	18128.527662
1.000000	82.000000	64187280.000000	11.613477	1.193870	42.310200	1.006180	6.243728	1258.725151	0.126664	0.158257	0.038070	17911.031358
1.000000	58.000000	15979241.000000	38.630702	0.786591	1.646488	1.307972	5.451360	277.027014	0.036249	0.010412	0.084045	17874.814483
1.000000	90.000000	111360938.000000	0.037775	1.140538	21.351523	1.151194	5.667054	778.853022	0.035959	0.140625	0.050104	17972.146713
1.000000	72.000000	97395728.000000	19.086110	1.254935	0.004427	1.729451	5.739496	618.208733	0.060130	0.007139	0.174328	17870.330960
1.000000	96.000000	56854003.000000	0.773697	1.281461	27.774641	1.225699	6.592294	1017.204044	0.114787	0.152579	0.005298	17922.202486
1.000000	64.000000	89122038.000000	8.204020	1.179157	33.934183	1.087963	6.886030	801.198997	0.072349	0.152836	0.026013	17920.754578
1.000000	116.000000	45398751.000000	24.855734	0.834255	6.360612	1.217985	6.012524	205.249431	0.054494	0.045205	0.002332	18235.330513
1.000000	88.000000	83986908.000000	25.711715	1.169017	0.009744	1.703114	6.673736	646.584601	0.090493	0.021664	0.114242	17931.959271
1.000000	56.000000	49152863.000000	0.371445	1.331534	0.001830	1.666949	6.382369	654.287951	0.132210	0.034654	0.064859	17957.531259
1.000000	118.000000	120689868.000000	11.239287	1.185208	6.456425	1.612634	7.202231	420.787489	0.058803	0.033443	0.095600	17983.986307
1.000000	84.000000	116352637.000000	10.378203	1.224561	0.000156	1.420396	6.041971	413.756668	0.123879	0.005508	0.047266	17945.142090
1.000000	62.000000	50673512.000000	15.063637	1.213166	54.357030	0.904990	6.741697	1219.198534	0.154332	0.123998	0.051472	17902.925418
1.000000	114.000000	100400157.000000	36.430781	1.133267	0.000068	1.638086	6.826482	1239.424068	0.265512	0.004455	0.082738	17947.573597
1.000000	70.000000	45709599.000000	69.999008	0.824896	44.552785	1.248699	6.128659	631.749765	0.237359	0.016007	0.017442	18047.715957
1.000000	48.000000	47201972.000000	45.504100	1.017328	0.000382	1.625556	6.931449	490.783556	0.100209	0.016885	0.092988	17908.042152
1.000000	54.000000	37784124.000000	13.282781	1.224045	36.915882	1.351737	7.212934	1074.744190	0.185184	0.025292	0.075166	18095.970727
1.000000	44.000000	70844862.000000	25.517309	1.180940	25.002515	1.450645	7.153220	742.059817	0.196799	0.050891	0.027073	18131.535731
1.000000	60.000000	53469840.000000	1.610443	1.317739	37.796248	1.290866	6.798965	563.183317	0.066606	0.056675	0.087736	18055.866079
1.000000	104.000000	32432582.000000	2.927627	1.285524	31.646722	1.372620	6.932984	532.790647	0.068252	0.055119	0.080072	18059.471406
1.000000	112.000000	119190896.000000	35.764747	1.201494	0.020865	1.997163	6.125028	514.695734	0.054596	0.009323	0.215107	17904.840084
1.000000	46.000000	105967528.000000	22.032894	1.154676	0.001415	1.502793	6.453861	310.379172	0.131178	0.042735	0.006804	18088.930486
1.000000	92.000000	98185839.000000	30.512695	1.109473	45.668335	1.382812	7.049316	1149.593750	0.149928	0.002909	0.142862	18103.625447
1.000000	71.000000	94261520.000000	12.363281	1.246875	31.699219	1.609375	8.539062	1439.000000	0.193101	0.003067	0.184270	18198.265434
1.000000	74.000000	61092867.000000	10.886166	1.304457	60.233694	0.856159	6.572715	1103.761613	0.144346	0.103707	0.064452	17913.854071
1.000000	67.000000	72594849.000000	5.361818	1.230031	37.870487	1.165356	6.925984	995.586515	0.101238	0.100898	0.070329	17962.027928
1.000000	86.000000	32483142.000000	19.583302	1.156344	56.667772	0.790709	6.464181	1205.320220	0.156833	0.152912	0.028170	17887.684157
1.000000	80.000000	98785926.000000	18.946016	1.148804	3.984598	1.517945	5.409662	521.670279	0.050391	0.003474	0.147333	17873.015885
1.000000	109.000000	75557356.000000	17.199464	1.179296	15.285691	1.796445	6.622413	545.854565	0.040132	0.031090	0.189155	18039.565534
1.000000	119.000000	110362571.000000	18.200072	1.333682	0.013927	1.759581	6.057672	975.511779	0.126436	0.002243	0.150518	17902.971774
1.000000	49.000000	101364660.000000	25.452336	1.135932	40.122046	1.381601	7.064077	1064.970563	0.167699	0.001999	0.103420	18081.000342
1.000000	97.000000	105073019.000000	29.353482	1.112331	0.170612	1.780698	5.658659	390.472484	0.031322	0.008874	0.205503	17859.075497
1.000000	66.000000	96329470.000000	66.311670	0.813120	0.717281	1.622221	5.177792	450.228761	0.078739	0.001499	0.118572	17846.957291
1.000000	105.000000	51905909.000000	24.433236	1.137982	66.580003	0.939981	6.640065	501.269154	0.086973	0.029154	0.078544	18046.335711
1.000000	99.000000	28905708.000000	18.873262	1.109369	37.253373	1.199573	6.980484	510.682224	0.038910	0.119931	0.091404	18002.392732
1.000000	51.000000	96397252.000000	31.340043	1.086373	36.335891	1.456332	7.095383	1067.744537	0.137411	0.036770	0.117166	18096.471085
1.000000	77.000000	70841759.000000	3.831560	1.236951	52.655408	0.868594	6.478245	1775.548142	0.209325	0.117931	0.057761	17920.607792
1.000000	93.000000	53972398.000000	1.098471	1.315089	69.897373	0.846899	6.612930	442.774257	0.147235	0.057461	0.010923	18054.549586
1.000000	103.000000	87543821.000000	25.816040	1.172949	32.731934	1.533984	7.299805	1025.343750	0.148672	0.001485	0.130572	18075.850774
1.000000	115.000000	77215969.000000	28.092640	1.056563	44.934573	1.185090	6.256980	943.929651	0.080229	0.150996	0.094542	17976.334015
1.000000	89.000000	26655396.000000	19.108667	1.224792	6.158352	1.458898	6.145717	330.278304	0.163042	0.016004	0.017363	18093.554377
1.000000	81.000000	68029623.000000	15.842517	1.091780	25.875362	1.282717	6.871677	1204.892394	0.134487	0.186106	0.005662	17959.172228
1.000000	75.000000	67811020.000000	48.848576	0.900241	68.909444	0.684761	6.333749	905.563101	0.134607	0.185306	0.054331	17869.392205
1.000000	107.000000	59060047.000000	24.189056	1.143312	55.393106	0.885745	6.661192	1073.040359	0.130437	0.142436	0.055446	17901.342457
1.000000	57.000000	100043415.000000	9.861170	1.261990	49.598722	0.950935	6.539465	1059.102985	0.121763	0.127533	0.048022	17907.649281
1.000000	55.000000	19633436.000000	0.000158	1.176892	11.251226	1.368915	6.345358	1265.535739	0.114204	0.160718	0.002994	17982.477887
1.000000	117.000000	91938702.000000	26.217942	1.073412	58.185201	0.800842	6.273999	1479.016083	0.182635	0.146893	0.051754	17904.841139
1.000000	102.000000	63207428.000000	39.284846	1.037522	69.867965	0.640552	6.456945	812.889135	0.128965	0.161855	0.036258	17879.731151
1.000000	91.000000	110912818.000000	12.210965	1.270242	51.099659	1.207016	6.725825	1098.623771	0.121256	0.040528	0.134632	18061.560453
1.000000	122.000000	100151020.000000	20.575647	1.170963	51.363888	1.180063	6.852249	740.555176	0.112588	0.020458	0.092306	18065.185413
1.000000	61.000000	73389794.000000	0.010689	1.256543	59.213649	0.740934	6.195200	2092.112651	0.252940	0.114516	0.055880	17922.448716
1.000000	95.000000	22657244.000000	21.766020	1.161272	39.915704	1.364176	7.143607	731.207877	0.103029	0.026177	0.104397	18071.740588
1.000000	87.000000	77246791.000000	0.000000	1.357116	70.000000	0.662101	6.239562	1619.633894	0.217353	0.094302	0.060837	17911.910543
1.000000	45.000000	32417019.000000	19.635679	1.116307	39.134768	1.253744	6.779416	1004.738323	0.086559	0.114854	0.104454	17986.353191
1.000000	63.000000	37107728.000000	43.884409	1.081554	0.007856	1.572581	5.737779	771.291964	0.167473	0.001002	0.079976	17883.832220
1.000000	111.000000	88390345.000000	33.632411	1.067185	57.376921	1.080431	6.860939	503.897089	0.129011	0.021032	0.046086	18094.742973
1.000000	53.000000	60020425.000000	40.047284	1.108607	0.610017	1.583782	6.295911	460.303814	0.117740	0.006884	0.076697	17921.836805
1.000000	69.000000	37803950.000000	58.253617	0.920005	0.000275	1.659634	5.505672	672.320856	0.116283	0.001065	0.115927	17861.136932
1.000000	145.000000	104858838.000000	22.326131	1.082747	23.824405	1.533745	6.642056	397.205284	0.035428	0.024576	0.154809	18036.194190
1.000000	43.000000	76826509.000000	25.368239	1.046151	64.274025	0.598113	6.219557	1639.004944	0.230096	0.198585	0.008957	17888.061749
1.000000	85.000000	37056345.000000	0.000000	1.277382	54.360009	1.078412	6.796331	1203.987278	0.158308	0.033566	0.096805	18052.953307
1.000000	83.000000	103202327.000000	19.458380	1.258203	68.928261	0.739043	6.857941	678.343555	0.119164	0.106254	0.040744	17946.784442
1.000000	73.000000	34604683.000000	19.457399	1.125282	0.000883	1.467202	5.825721	428.514942	0.070240	0.011489	0.084583	17879.266203
1.000000	59.000000	20637520.000000	29.165549	1.000700	14.058878	1.411132	7.209929	573.284118	0.117888	0.053029	0.025711	18227.919395
1.000000	131.000000	118591697.000000	29.746975	1.481142	0.022747	2.602333	5.980254	554.470448	0.035582	0.006995	0.411932	17987.368248
1.000000	129.000000	32618640.000000	13.645811	1.302043	0.001253	1.605884	6.120242	667.367506	0.123173	0.004520	0.099362	17872.547049
1.000000	47.000000	46487485.000000	15.366046	1.125995	0.000658	1.460357	5.399509	509.650031	0.051132	0.007189	0.122735	17832.979003
1.000000	113.000000	43987538.000000	11.235039	1.302497	0.007699	1.605683	6.675796	529.240556	0.136619	0.028643	0.056161	17940.168937
1.000000	130.000000	33765286.000000	7.101922	1.086368	1.778291	1.542066	5.556337	441.028135	0.023259	0.029644	0.127745	17949.382659
1.000000	121.000000	40001484.000000	25.263403	1.067347	28.842081	1.332958	6.830544	391.073748	0.086122	0.026827	0.050684	18112.964569
1.000000	126.000000	77177569.000000	45.597634	1.052955	46.836551	1.658212	7.668182	346.422954	0.043804	0.018144	0.230304	18155.573314
1.000000	42.000000	82486388.000000	51.910088	0.449455	69.993197	0.100000	5.674368	1767.800873	0.232810	0.713545	0.015474	17913.843247
1.000000	125.000000	109518044.000000	5.378252	1.192147	35.183320	1.157127	6.605312	1159.182381	0.101111	0.128943	0.062730	17941.767682
1.000000	135.000000	116680690.000000	13.523212	1.405255	0.061622	1.769818	6.872829	1141.685920	0.231380	0.001002	0.119636	17928.056781
1.000000	160.000000	44176641.000000	40.353555	1.263151	0.004565	2.224338	6.140253	582.995713	0.054550	0.005721	0.288985	17944.972521
1.000000	133.000000	83416491.000000	15.855082	1.109831	0.014097	1.475015	5.171322	443.805901	0.036448	0.009316	0.135328	17815.804045
1.000000	142.000000	111831419.000000	0.618611	1.280999	40.377135	1.234057	7.817264	578.628665	0.085974	0.061100	0.071240	18071.016168
1.000000	127.000000	88413974.000000	24.979195	1.103996	37.867457	1.424200	6.718625	400.880794	0.040345	0.023658	0.161310	18074.654342
1.000000	101.000000	22924158.000000	26.435403	1.189967	49.533045	1.277881	7.175251	495.544995	0.048606	0.092220	0.145420	18060.930006
1.000000	136.000000	82206261.000000	27.290049	1.173391	40.344113	1.524263	6.695597	344.345519	0.034835	0.038869	0.178339	18103.775859
1.000000	155.000000	125102057.000000	9.730659	1.254005	46.085477	1.274870	6.599908	610.730914	0.070697	0.032857	0.120520	18057.103579
1.000000	123.000000	85895785.000000	6.838116	1.161767	29.389889	1.143195	6.547655	769.524053	0.056282	0.153383	0.033343	17934.745781
1.000000	132.000000	54235299.000000	51.489874	0.891398	47.164154	1.178694	7.413464	1113.263497	0.273532	0.044552	0.028379	18097.052850
1.000000	124.000000	99560143.000000	4.432526	1.366718	58.480744	0.868949	6.642507	779.284529	0.115649	0.107980	0.038276	17935.144057
1.000000	137.000000	113665336.000000	0.338218	1.263151	33.314785	1.277012	6.931272	1373.026579	0.130001	0.101247	0.091947	17979.980702
1.000000	134.000000	98790480.000000	32.470584	1.358167	31.171664	1.507856	6.178764	642.647966	0.463767	0.029459	0.005125	18059.809871
1.000000	138.000000	52473221.000000	14.145480	1.191651	46.565366	1.039034	6.783288	951.404734	0.098522	0.125956	0.062876	17924.665885
1.000000	79.000000	65289027.000000	36.330110	0.881504	28.738093	1.309176	6.638538	388.981401	0.056518	0.027271	0.076264	18107.544810
1.000000	128.000000	50315644.000000	31.268768	0.926675	0.000048	1.419165	6.010598	316.480667	0.049236	0.016585	0.079184	17881.876038
1.000000	147.000000	93656598.000000	59.162108	0.827565	51.467753	1.204377	7.024784	707.196648	0.140555	0.003952	0.077206	18096.787675
1.000000	156.000000	108422141.000000	69.734239	0.740956	0.017306	1.623492	5.925099	970.749562	0.177288	0.001185	0.096742	17916.721228
1.000000	143.000000	87062757.000000	5.073006	1.258214	41.839825	1.029504	6.486781	1197.042465	0.132308	0.135713	0.035915	17901.828124
1.000000	151.000000	50270882.000000	33.854781	1.197819	0.014050	1.586400	6.250786	802.740681	0.198334	0.002108	0.072702	17898.315973
1.000000	150.000000	52567203.000000	2.911326	1.298759	41.400039	1.066230	6.985789	866.554288	0.098642	0.120653	0.039593	17929.408128
1.000000	148.000000	57983474.000000	5.934744	1.124306	0.004730	1.432539	5.894990	292.565083	0.041263	0.025394	0.068672	17880.697620
1.000000	141.000000	112240895.000000	46.589927	1.024794	5.245863	1.435201	6.711806	301.892918	0.120107	0.002160	0.046017	18017.725855
1.000000	152.000000	92290822.000000	14.859826	1.301782	34.282997	1.341203	5.487012	269.413713	0.199066	0.009388	0.008802	18096.430672
1.000000	139.000000	69425643.000000	21.487597	1.281899	0.447730	1.665426	6.059672	1024.196568	0.145181	0.001004	0.132673	17892.121525
1.000000	154.000000	42113245.000000	17.265953	1.222710	0.053817	1.605924	5.409156	618.284944	0.057000	0.004951	0.160878	17855.925345
1.000000	140.000000	95907207.000000	38.500677	1.109010	0.000029	1.784306	6.673251	741.620469	0.102931	0.012629	0.141103	17923.937251
1.000000	157.000000	80822611.000000	28.080000	1.041135	47.434947	0.984731	6.479882	827.441315	0.076534	0.183706	0.053326	17906.434682
1.000000	144.000000	53924222.000000	8.177927	1.301882	0.000130	1.542603	5.229063	619.943742	0.138403	0.001072	0.072940	17877.470056
1.000000	41.000000	60023970.000000	24.885690	1.106970	51.330695	1.196527	7.105452	766.568826	0.118989	0.009177	0.098584	18081.526939
1.000000	146.000000	30142376.000000	34.219028	1.131231	52.340184	1.171714	6.370450	533.582703	0.200547	0.011501	0.024098	18100.113151
1.000000	153.000000	72924263.000000	45.989485	0.941605	60.578411	0.943625	6.626772	442.141744	0.051014	0.185564	0.087900	17921.858749
1.000000	159.000000	45662201.000000	28.920079	1.137861	53.959522	1.060020	6.528394	660.669137	0.062801	0.135991	0.103405	17960.712654
