1.000000	22.000000	49139021.000000	9.084497	1.739212	29.520104	1.714257	1.999968	125.482883	0.975090	0.001198	0.002253	18173.375932
1.000000	23.000000	49234871.000000	50.897840	1.021883	69.998312	0.939591	1.999235	49.076201	0.077578	0.023916	0.001631	18703.928217
1.000000	31.000000	50034886.000000	69.921752	0.821182	67.829723	0.958711	1.988254	30.910942	0.036723	0.048447	0.025218	18625.174089
1.000000	33.000000	50239496.000000	7.636298	1.703831	34.891494	1.642917	2.000000	99.420448	0.646010	0.003520	0.001000	18211.383506
1.000000	30.000000	49936438.000000	69.997559	0.388281	69.997559	0.885352	1.999951	25.656250	0.001718	0.001000	0.953887	18899.665569
1.000000	2.000000	47135348.000000	46.569441	1.104096	41.817345	1.293114	1.999648	47.854070	0.100161	0.018119	0.001019	19012.962478
1.000000	3.000000	47234924.000000	69.985465	0.746525	63.385962	0.967294	1.999137	25.607030	0.022577	0.072293	0.028793	18868.997225
1.000000	7.000000	47638142.000000	47.373582	1.223822	30.903792	1.451310	1.999666	60.133782	0.196312	0.001431	0.001000	18892.456990
1.000000	25.000000	49436950.000000	64.397537	0.353944	68.452698	0.611406	1.998353	25.600597	0.005042	0.127941	0.057510	18748.084780
1.000000	36.000000	50537317.000000	7.645542	1.738261	37.604731	1.668228	2.000000	115.332268	0.888468	0.001003	0.001002	18142.975412
1.000000	38.000000	50737239.000000	57.309687	1.080888	38.090874	1.358090	1.999777	55.747199	0.148231	0.003645	0.001244	18894.608769
1.000000	15.000000	48436622.000000	69.999840	0.855576	69.080971	0.954679	1.659320	31.872886	0.055535	0.029288	0.011473	18601.053811
1.000000	37.000000	50637871.000000	63.713417	1.153677	63.996982	2.686229	1.999710	33.661089	0.001586	0.592705	0.879835	18407.487058
1.000000	28.000000	49736034.000000	47.848813	1.005032	58.064526	1.050102	1.999999	41.128916	0.064338	0.029714	0.001286	18783.130258
1.000000	40.000000	50939537.000000	69.999577	0.240713	69.999594	0.504399	1.999414	25.600732	0.001536	0.001349	0.561997	18900.325025
1.000000	1.000000	47034847.000000	64.596732	0.435632	65.823410	0.734923	1.998732	34.816057	0.004517	0.435012	0.057109	18330.636715
1.000000	16.000000	48538700.000000	63.622832	0.959293	64.052233	2.111187	1.985293	33.026443	0.001451	0.596988	0.734220	18409.722264
1.000000	21.000000	49037164.000000	44.968134	1.007453	48.400677	1.154474	1.999761	43.782372	0.079372	0.007489	0.001364	19133.233619
1.000000	5.000000	47434887.000000	55.991431	0.659013	59.518746	0.843333	1.999436	54.691775	0.001000	0.999659	0.114083	18602.618109
1.000000	10.000000	47934924.000000	52.759686	1.110622	38.302467	1.358218	1.999738	57.121846	0.140588	0.006921	0.001248	18920.817535
1.000000	26.000000	49536681.000000	56.274044	0.658953	59.438425	0.890270	1.999506	54.099130	0.001000	0.999614	0.123234	18601.541311
1.000000	18.000000	48737336.000000	64.827431	0.590535	65.372750	1.016540	1.999997	42.488407	0.004404	0.702306	0.124297	18303.601552
1.000000	9.000000	47834851.000000	16.684577	1.686721	30.434611	1.706813	1.978228	135.496094	0.999999	0.001344	0.001490	18217.919360
1.000000	8.000000	47736453.000000	7.553299	1.749148	34.505697	1.684953	2.000000	119.375545	0.960244	0.001271	0.001000	18146.409695
1.000000	12.000000	48134865.000000	9.280563	1.661006	20.005450	1.673560	1.996823	80.810670	0.534094	0.001523	0.001162	18280.614687
1.000000	27.000000	49637769.000000	10.704132	1.721877	36.107511	1.691522	1.999949	143.767660	0.999999	0.002922	0.001331	18147.463127
1.000000	4.000000	47334852.000000	70.000000	0.854653	66.329922	0.984818	1.999960	47.195084	0.078151	0.020927	0.001001	18481.235356
1.000000	24.000000	49336460.000000	61.251158	0.641291	63.692341	1.105616	1.980206	45.943501	0.001015	0.731689	0.341042	18527.110544
1.000000	13.000000	48236155.000000	18.507786	1.673317	37.999824	1.681946	1.951552	144.043436	0.991972	0.001534	0.001135	18190.456196
1.000000	29.000000	49838410.000000	69.997497	0.811919	61.479650	1.001796	1.996008	41.323311	0.061855	0.024173	0.001003	18483.495377
1.000000	34.000000	50338449.000000	7.927084	1.733656	32.078872	1.687843	1.991467	116.842546	0.875926	0.001541	0.001377	18162.000281
1.000000	17.000000	48634849.000000	12.408622	1.589598	27.035551	1.606949	1.999996	76.319230	0.403572	0.002055	0.001371	18363.032623
1.000000	32.000000	50136024.000000	61.383839	0.897431	69.452200	0.923238	1.999852	46.481328	0.067181	0.023596	0.001081	18554.762959
1.000000	19.000000	48836445.000000	55.061766	1.116943	37.582362	1.398680	1.989668	53.103222	0.144608	0.014346	0.001235	19002.802077
1.000000	6.000000	47535875.000000	69.941912	0.816557	56.865209	1.053016	1.999999	40.217237	0.061296	0.027505	0.001002	18515.987630
1.000000	14.000000	48336299.000000	64.705062	0.668199	65.033646	1.113430	1.999894	44.522671	0.004761	0.760446	0.138371	18312.829791
1.000000	35.000000	50438405.000000	65.650560	0.861319	69.921005	0.939203	1.999147	49.953200	0.081794	0.001371	0.001012	18644.074002
1.000000	39.000000	50839168.000000	54.940101	0.642857	63.892373	0.564325	2.000000	48.401097	0.001036	0.935397	0.108605	18660.219103
1.000000	84.000000	110494700.000000	69.998793	0.800464	61.695472	0.991307	1.999999	40.979320	0.057544	0.026025	0.001317	18485.849944
1.000000	54.000000	30492744.000000	69.999957	0.384562	69.999949	0.847580	1.999997	25.600754	0.001526	0.001523	0.999996	18889.034201
1.000000	20.000000	48938456.000000	6.387783	1.770028	18.924723	1.746567	1.997430	107.634699	0.968742	0.001058	0.001001	18221.213618
1.000000	86.000000	69256611.000000	36.112059	1.225012	43.675008	1.308787	1.999535	57.199392	0.146198	0.003010	0.001000	18941.021350
1.000000	46.000000	114098641.000000	8.852363	1.737662	29.369513	1.705086	1.999999	126.280447	0.999999	0.001006	0.001070	18156.892826
1.000000	102.000000	34674517.000000	55.179692	0.957963	69.999996	0.979851	1.999985	32.356422	0.020402	0.134277	0.059749	18887.671313
1.000000	11.000000	48036348.000000	69.999704	0.876753	55.760901	1.134942	1.998969	51.724488	0.096920	0.011727	0.001004	18664.249426
1.000000	50.000000	77708888.000000	69.011536	0.959326	26.388702	1.435278	1.999988	45.890625	0.134743	0.007012	0.001656	19084.513704
1.000000	82.000000	52825469.000000	57.224158	0.993602	51.073689	1.180121	1.999999	49.403102	0.083934	0.028347	0.001095	18764.701967
1.000000	76.000000	40486619.000000	35.187511	1.262052	41.036089	1.355850	2.000000	65.646788	0.172797	0.001001	0.001000	18898.335754
1.000000	64.000000	84708647.000000	64.036102	0.638080	64.268188	1.439697	1.614464	25.669922	0.001205	0.649858	0.488966	18406.647867
1.000000	96.000000	91303401.000000	69.620258	0.860680	52.317553	1.145826	1.999903	44.654286	0.080348	0.019576	0.001302	18624.174138
1.000000	114.000000	82721232.000000	36.782130	1.185423	60.251759	1.101535	1.999451	45.856155	0.098966	0.022618	0.001008	19059.463475
1.000000	48.000000	56573323.000000	69.991009	0.790793	59.857939	1.010251	1.997896	32.504845	0.041385	0.040118	0.010360	18641.026914
1.000000	116.000000	83949019.000000	46.132433	1.247090	35.371846	1.440866	1.999247	65.819347	0.211573	0.001362	0.001000	18861.121438
1.000000	112.000000	76957107.000000	56.563037	1.067183	45.644338	1.275208	1.999998	58.695366	0.140103	0.001001	0.001000	18848.467541
1.000000	88.000000	53687274.000000	69.999919	0.402457	69.999986	0.886852	2.000000	25.600137	0.001641	0.001000	0.999997	18895.073193
1.000000	68.000000	30168298.000000	55.732888	0.861928	52.215493	1.068066	1.999984	26.340208	0.031040	0.056902	0.012509	19040.571578
1.000000	72.000000	113961167.000000	64.674844	0.557857	64.910844	1.009026	1.999981	42.438177	0.003517	0.796299	0.135548	18292.113136
1.000000	56.000000	81793285.000000	11.172996	1.710862	38.868933	1.676068	1.998291	142.085607	0.979158	0.001016	0.001226	18138.833800
1.000000	106.000000	107507732.000000	63.466969	0.987052	43.147199	1.308875	1.999959	53.713463	0.119950	0.014507	0.001000	18861.989294
1.000000	90.000000	93020729.000000	10.093574	1.695537	30.306689	1.674051	1.990124	103.869602	0.720149	0.003608	0.001224	18197.144790
1.000000	70.000000	108167718.000000	9.528946	1.641827	39.193736	1.575888	1.999480	86.291493	0.500145	0.001032	0.001000	18353.334506
1.000000	44.000000	50464777.000000	69.994628	0.834563	52.120951	1.127251	1.999583	42.698100	0.068891	0.028383	0.001009	18586.764967
1.000000	74.000000	84219820.000000	69.702468	0.833721	61.169812	1.019772	2.000000	44.091131	0.067317	0.024839	0.001040	18473.547812
1.000000	42.000000	106809872.000000	69.992890	0.809177	69.747528	0.914372	1.999505	43.713384	0.059061	0.022139	0.004239	18482.491821
1.000000	100.000000	29671009.000000	57.251204	1.041705	49.496436	1.230854	1.999999	54.820678	0.127508	0.001000	0.001402	18851.467914
1.000000	108.000000	84189524.000000	4.905083	1.775494	27.348511	1.721522	2.000000	103.041033	0.779315	0.003909	0.003916	18311.338213
1.000000	66.000000	86932993.000000	70.000000	0.817667	65.577870	0.962838	2.000000	44.909130	0.065011	0.022306	0.001011	18459.510590
1.000000	120.000000	28722951.000000	10.451912	1.676820	30.605155	1.661383	1.999898	107.173795	0.688232	0.001006	0.001366	18201.227021
1.000000	83.000000	85979868.000000	56.478195	1.106012	41.521683	1.359259	1.999997	68.216797	0.160297	0.003805	0.002570	18985.246869
1.000000	58.000000	62828115.000000	69.824661	0.841312	61.737280	1.030971	1.994220	44.540509	0.068627	0.025902	0.003296	18515.753337
1.000000	98.000000	43618401.000000	36.069066	1.205085	55.043932	1.198970	1.999337	57.488274	0.137731	0.001503	0.001318	19013.169911
1.000000	60.000000	93752292.000000	8.582546	1.714890	19.133962	1.718026	1.999996	97.302524	0.749475	0.001646	0.001370	18229.948702
1.000000	92.000000	115606315.000000	70.000000	0.810016	69.950785	0.925618	2.000000	47.935377	0.076760	0.001008	0.001000	18601.238128
1.000000	52.000000	63227742.000000	69.999555	0.835963	49.855769	1.149117	1.999341	40.839582	0.067995	0.027355	0.001259	18627.890919
1.000000	118.000000	35607947.000000	69.988153	0.335423	69.990959	0.779540	1.999998	25.603623	0.003520	0.047878	0.210697	19489.481545
1.000000	110.000000	112013522.000000	7.766055	1.693083	33.117337	1.635168	1.999954	92.396986	0.618486	0.001161	0.001001	18196.199465
1.000000	80.000000	34893997.000000	69.512830	0.431621	69.999715	0.908448	1.999564	25.603484	0.001682	0.001912	1.000000	18918.909102
1.000000	104.000000	90459250.000000	4.635651	1.793931	12.405251	1.778455	2.000000	77.620494	0.769152	0.004405	0.001789	18395.201354
1.000000	85.000000	43389321.000000	58.566931	0.878316	67.456876	0.925109	1.999998	30.944353	0.029991	0.053382	0.023828	18931.675676
1.000000	94.000000	29923822.000000	47.164345	1.115510	52.097262	1.207886	1.999377	59.581577	0.121214	0.006772	0.001369	18935.827454
1.000000	49.000000	85138042.000000	58.673973	1.057589	35.422402	1.367697	1.999980	55.602701	0.143201	0.003728	0.001000	18918.541825
1.000000	78.000000	91041189.000000	64.832561	0.450375	66.075853	0.767456	1.999990	35.440439	0.004638	0.456425	0.062041	18321.266701
1.000000	53.000000	83131976.000000	64.766868	0.499922	65.125789	0.904975	1.862666	36.450956	0.003457	0.744348	0.109886	18297.676113
1.000000	63.000000	25562383.000000	39.121763	0.417865	45.376250	0.382891	1.999802	28.697844	0.001000	0.205953	0.012405	20086.726094
1.000000	81.000000	44360156.000000	70.000000	0.913034	43.436535	1.295428	1.999854	52.246615	0.110946	0.015128	0.001520	18824.268852
1.000000	101.000000	94076186.000000	69.995494	0.861797	60.336554	1.064956	1.999974	52.269665	0.086947	0.021884	0.001000	18594.137349
1.000000	43.000000	59167612.000000	69.866409	0.376764	69.847870	0.832269	1.998280	25.601562	0.001645	0.001004	0.917849	18908.241660
1.000000	95.000000	52276997.000000	69.093445	0.842709	69.999866	0.929951	2.000000	45.319040	0.065355	0.022030	0.005490	18506.476742
1.000000	71.000000	82559824.000000	69.947054	0.806906	70.000000	0.910917	1.993483	45.002088	0.059648	0.021642	0.003398	18480.304922
1.000000	115.000000	53329027.000000	52.107466	1.117817	41.891612	1.323216	2.000000	59.629271	0.146036	0.002729	0.001169	18878.774653
1.000000	45.000000	71087979.000000	8.680535	1.748040	32.119332	1.712906	1.998213	132.365548	0.989394	0.005284	0.001414	18174.196603
1.000000	75.000000	18101037.000000	64.811184	0.563568	65.023613	0.997878	1.601935	33.977722	0.003189	0.950415	0.128494	18299.884796
1.000000	47.000000	19159515.000000	9.639107	1.623901	28.892475	1.601867	1.999276	71.767727	0.430013	0.001002	0.001000	18301.698534
1.000000	113.000000	39717654.000000	64.457407	0.879441	64.241896	1.869794	1.993889	41.259574	0.002424	0.999852	0.416640	18351.441197
1.000000	111.000000	88040720.000000	70.000000	0.219959	69.999959	0.458516	2.000000	25.600072	0.001542	0.001021	0.494780	18888.935042
1.000000	41.000000	91834026.000000	65.458725	0.946494	47.228450	1.238861	1.999852	45.408161	0.096887	0.019797	0.001050	18791.552600
1.000000	119.000000	117633995.000000	65.896717	0.818244	69.948489	0.974881	1.999930	35.762609	0.015650	0.183171	0.067831	18625.340130
1.000000	67.000000	65408048.000000	4.879348	1.806366	34.775526	1.730225	1.999997	120.849205	0.999884	0.001400	0.005814	18350.568294
1.000000	62.000000	69097473.000000	64.708387	0.508859	65.772490	0.834338	1.997222	37.544008	0.004947	0.490771	0.075788	18317.190847
1.000000	69.000000	108275989.000000	56.174395	1.108005	38.465525	1.375557	2.000000	61.262646	0.161304	0.004405	0.001000	18902.720039
1.000000	65.000000	95256735.000000	44.600798	1.215351	40.746547	1.369364	1.999981	62.453759	0.176335	0.002148	0.001000	18875.715491
1.000000	55.000000	82827661.000000	57.432910	1.018132	50.574699	1.208377	1.998813	52.067294	0.102532	0.017014	0.001000	18808.817579
1.000000	73.000000	87183508.000000	5.200614	1.702435	29.024802	1.617267	1.999955	69.621652	0.478336	0.001000	0.001000	18285.953110
1.000000	59.000000	47882043.000000	69.999430	0.380702	69.999658	0.808793	1.999889	25.620433	0.001650	0.001008	0.924279	18895.838306
1.000000	109.000000	106180801.000000	69.999731	0.835056	69.405223	0.956151	2.000000	32.550895	0.037357	0.053317	0.030204	18627.576151
1.000000	105.000000	32036686.000000	28.943995	1.402332	35.048949	1.485794	1.999367	75.886043	0.263660	0.001522	0.001000	18701.461397
1.000000	107.000000	84301758.000000	67.081383	0.931528	44.979144	1.274661	1.952055	45.612359	0.095863	0.021974	0.002473	18873.190029
1.000000	57.000000	78860062.000000	69.538821	0.910668	44.646817	1.259247	1.999814	51.899418	0.112574	0.008138	0.001005	18779.769064
1.000000	117.000000	116524049.000000	6.566564	1.767998	26.595934	1.722701	1.999879	120.356692	0.932748	0.006147	0.001006	18207.963266
1.000000	97.000000	94274102.000000	69.464064	0.909737	49.591918	1.212480	1.999208	52.666063	0.111877	0.006436	0.001000	18740.847976
1.000000	121.000000	41495103.000000	70.000000	0.820150	69.996212	0.915605	2.000000	46.220965	0.066458	0.021470	0.001000	18447.538837
1.000000	99.000000	68248543.000000	69.311702	0.881246	62.591982	1.050942	1.987095	50.702681	0.088528	0.021594	0.001001	18557.848387
1.000000	89.000000	64989754.000000	55.409498	1.129778	38.563989	1.379402	1.999700	63.438250	0.175740	0.001257	0.001018	18895.430117
1.000000	87.000000	26402610.000000	64.707593	0.546025	65.229010	0.949383	1.999999	40.175369	0.004213	0.660772	0.112037	18290.949802
1.000000	91.000000	53308099.000000	62.871393	0.982290	49.327446	1.223699	2.000000	54.874489	0.121279	0.003904	0.001001	18792.593618
1.000000	131.000000	83157997.000000	45.535790	1.115686	47.778526	1.235290	1.999967	52.954578	0.119495	0.004485	0.001000	18925.237056
1.000000	51.000000	66917203.000000	28.879125	1.335132	39.829908	1.395642	1.993037	59.787392	0.169630	0.009666	0.001023	19021.149561
1.000000	147.000000	116331692.000000	69.988793	0.773270	69.999249	0.908150	1.966827	33.394787	0.032260	0.044850	0.022854	18687.824996
1.000000	79.000000	103429655.000000	43.624636	1.247260	31.310544	1.443547	1.999973	59.271966	0.189994	0.001702	0.001237	18895.629841
1.000000	122.000000	37646486.000000	66.906260	0.990502	34.134167	1.373364	1.999995	52.117697	0.144009	0.003088	0.001013	18942.991199
1.000000	127.000000	90969715.000000	59.626226	1.020435	43.329138	1.287798	1.999702	53.616012	0.121155	0.008396	0.001000	18848.649283
1.000000	137.000000	70529037.000000	50.567487	1.034453	57.208015	1.095447	1.999719	47.038662	0.079270	0.029357	0.001113	18742.941311
1.000000	128.000000	91873448.000000	6.176177	1.661585	10.409542	1.696058	2.000000	45.186907	0.373628	0.001154	0.001019	18490.541864
1.000000	145.000000	50190313.000000	11.470088	1.712155	41.853396	1.669235	2.000000	135.400010	0.979561	0.001886	0.001001	18141.484094
1.000000	138.000000	97738316.000000	64.289469	0.882600	54.635377	1.086903	1.985915	37.440600	0.065054	0.029769	0.001002	18600.950763
1.000000	134.000000	39534428.000000	47.315732	1.242309	35.983657	1.444416	1.999813	64.167695	0.204053	0.004647	0.001013	18910.174595
1.000000	149.000000	63340319.000000	30.739090	1.243546	37.273625	1.345676	1.996762	45.120527	0.128818	0.006577	0.001000	19114.837500
1.000000	142.000000	85133448.000000	69.231391	0.872258	49.214892	1.162864	1.999435	46.722162	0.095958	0.001704	0.001001	18752.760970
1.000000	123.000000	53322866.000000	69.884809	0.889700	47.730534	1.228039	1.999898	50.655632	0.099142	0.016489	0.001000	18720.911074
1.000000	103.000000	119090504.000000	57.064592	1.064499	43.316249	1.297409	2.000000	56.762447	0.140430	0.001586	0.001000	18845.924178
1.000000	61.000000	29225861.000000	69.999086	0.339302	69.998781	0.721972	2.000000	25.600000	0.001665	0.001000	0.827164	18910.139632
1.000000	126.000000	82227591.000000	69.728602	0.872725	48.558342	1.206084	1.993347	44.678347	0.086105	0.022574	0.001015	18688.446438
1.000000	77.000000	114379538.000000	54.602899	1.067421	38.251884	1.338307	1.992687	50.516437	0.117538	0.012070	0.001002	18945.684836
1.000000	93.000000	39377565.000000	11.751267	1.692773	37.600683	1.660696	1.999967	123.828149	0.848683	0.001142	0.001002	18153.037431
1.000000	139.000000	76327039.000000	11.010514	1.719118	23.344895	1.727274	1.948605	112.191773	0.915509	0.003463	0.001064	18221.809877
1.000000	133.000000	39126338.000000	70.000000	0.816778	69.283124	0.935574	1.999758	48.629062	0.077141	0.002439	0.001118	18596.529607
1.000000	135.000000	80712803.000000	64.749314	0.549587	65.820705	0.920884	1.915696	37.045370	0.004775	0.572423	0.092281	18317.733437
1.000000	157.000000	90392797.000000	69.970243	0.877101	50.515090	1.187867	1.999997	48.447976	0.092021	0.017243	0.001000	18677.381671
1.000000	150.000000	119518768.000000	69.898679	0.393862	69.990915	0.853391	1.999548	25.600719	0.001513	0.001247	0.999998	18903.353731
1.000000	130.000000	97300712.000000	18.653753	1.627139	33.462385	1.650544	1.999226	119.422297	0.708461	0.001128	0.001000	18241.487965
1.000000	136.000000	32686471.000000	17.783650	1.676497	40.994639	1.680518	1.999976	157.294078	0.953744	0.004494	0.001730	18224.178367
1.000000	140.000000	44167191.000000	8.349668	1.748013	10.869296	1.795076	1.999868	86.629828	0.902522	0.001568	0.001239	18370.020625
1.000000	156.000000	83927164.000000	63.420694	0.859654	69.052341	0.915704	1.996802	42.418657	0.060047	0.022386	0.001819	18559.603428
1.000000	151.000000	50063136.000000	4.550692	1.507201	42.370298	1.340745	1.995485	25.636818	0.144909	0.005297	0.002122	19392.862358
1.000000	158.000000	113315201.000000	69.993675	0.821085	68.910690	0.932370	1.985602	43.636661	0.064703	0.022274	0.002980	18475.328882
1.000000	141.000000	44692508.000000	19.959651	1.320437	47.531538	1.285328	1.989078	51.542064	0.150631	0.001509	0.001116	19030.860270
1.000000	125.000000	121057706.000000	7.172624	1.749116	37.013880	1.675624	2.000000	118.003026	0.919512	0.001581	0.001187	18143.582189
1.000000	144.000000	35346651.000000	70.000000	0.829119	64.013994	0.988040	2.000000	46.738532	0.068322	0.023438	0.001011	18463.768478
1.000000	143.000000	37543887.000000	69.997442	0.830428	65.659883	0.973658	1.898445	36.801952	0.057275	0.026164	0.006059	18532.318476
1.000000	159.000000	115147450.000000	10.397867	1.725257	45.679986	1.659282	1.999997	129.565245	0.999780	0.001134	0.001000	18158.856959
1.000000	129.000000	43174405.000000	69.984504	0.829338	60.288649	1.030250	2.000000	44.235708	0.067908	0.024911	0.001017	18481.323250
1.000000	132.000000	120401857.000000	67.953797	0.845560	65.163042	0.974724	1.957220	44.521585	0.067025	0.023335	0.001054	18486.245189
1.000000	124.000000	101340290.000000	7.724759	1.653352	30.484297	1.599176	1.998889	68.209587	0.438106	0.001531	0.001065	18309.971747
1.000000	153.000000	33147569.000000	69.616015	0.844065	57.345117	1.070632	1.997001	44.969038	0.070202	0.027745	0.001379	18519.717673
1.000000	148.000000	83363592.000000	12.511436	1.700891	42.202338	1.665817	1.999666	145.134491	0.982400	0.001502	0.001004	18146.883197
1.000000	160.000000	66035118.000000	69.884020	0.801516	59.603306	1.015359	1.999943	40.768325	0.054417	0.031773	0.002728	18539.345934
1.000000	152.000000	101432539.000000	69.999989	0.833978	64.424614	0.991355	1.998834	47.191348	0.071046	0.022218	0.001000	18467.122771
1.000000	154.000000	32369187.000000	17.003975	1.628036	37.051363	1.634245	1.999999	118.160156	0.690600	0.001000	0.001001	18235.921088
1.000000	155.000000	102916776.000000	64.467239	0.869012	65.100281	0.973669	1.836122	31.241709	0.048800	0.032395	0.009506	18666.123250
1.000000	146.000000	46172767.000000	58.736842	1.026453	47.882908	1.241516	1.999999	57.027103	0.125708	0.003415	0.001003	18816.213520
