1.000000	12.000000	48861113.000000	17.807005	0.988930	18.158752	0.902287	14.827121	596.190702	0.030205	0.125102	0.020240
1.000000	17.000000	49358812.000000	44.114796	1.567199	40.141799	0.944458	9.632312	646.926013	0.111337	0.051185	0.061842
1.000000	15.000000	49162164.000000	33.015287	1.614771	38.637907	1.162797	11.369904	1433.913467	0.192898	0.129000	0.119349
1.000000	10.000000	48657908.000000	23.401147	0.908969	15.263584	1.040088	6.351715	1777.400550	0.157478	0.161790	0.123238
1.000000	40.000000	51658999.000000	44.471695	1.618528	22.454169	1.635964	8.058504	1027.185515	0.184382	0.163887	0.026282
1.000000	37.000000	51362246.000000	12.281615	0.926476	54.322886	1.105274	13.637969	662.075849	0.060899	0.042171	0.033322
1.000000	18.000000	49459696.000000	15.253821	1.487832	59.906037	1.604282	6.385658	968.532809	0.063132	0.144820	0.132281
1.000000	34.000000	51060610.000000	49.234441	1.671500	58.638627	1.369310	5.254929	474.252770	0.153066	0.048516	0.089064
1.000000	32.000000	50858706.000000	31.647943	1.055148	28.659283	1.453816	13.099994	1292.193674	0.170435	0.109344	0.076887
1.000000	36.000000	51261071.000000	13.870280	1.338115	52.598274	1.230004	7.841997	740.045320	0.080572	0.082455	0.123479
1.000000	26.000000	50260402.000000	22.299402	1.558903	29.510123	1.165544	10.464666	424.971024	0.147984	0.182643	0.195095
1.000000	9.000000	48562184.000000	48.325547	1.451014	27.305021	1.420689	9.192630	1189.337175	0.115997	0.103433	0.111311
1.000000	16.000000	49258171.000000	45.951967	1.005243	57.251729	1.222282	10.132735	1559.790765	0.041860	0.045918	0.076948
1.000000	7.000000	48359419.000000	46.165344	1.305439	26.749574	1.040045	9.018869	298.777340	0.053126	0.108969	0.149147
1.000000	14.000000	49060112.000000	1.715139	0.960541	48.550896	1.137298	11.795017	1637.984428	0.090232	0.074062	0.106769
1.000000	11.000000	48762317.000000	36.456280	0.911337	28.061760	0.998887	12.950654	903.049798	0.189120	0.027534	0.169543
1.000000	3.000000	47962940.000000	42.079772	0.993422	15.586762	1.236938	8.154496	640.373788	0.036654	0.086038	0.024643
1.000000	29.000000	50558142.000000	39.637333	1.641182	48.640800	1.346218	10.665810	961.559247	0.085196	0.062283	0.060397
1.000000	28.000000	50462843.000000	28.385017	1.532525	29.977604	1.034754	8.147210	1119.511720	0.050243	0.063929	0.043680
1.000000	20.000000	49662550.000000	44.053323	1.636552	59.027528	1.387278	10.899451	705.443193	0.136291	0.025410	0.069853
1.000000	35.000000	51162173.000000	45.637458	0.933121	39.881936	1.313459	6.373135	591.360728	0.179289	0.096622	0.155084
1.000000	21.000000	49762378.000000	6.573961	1.575458	31.060208	1.119898	9.738385	1302.380186	0.165626	0.138744	0.191405
1.000000	2.000000	47862493.000000	44.458322	0.998047	29.171534	1.221501	5.782648	958.135627	0.135152	0.087474	0.156720
1.000000	1.000000	47759995.000000	6.245577	0.953245	20.867872	1.604324	13.853367	1179.012634	0.029546	0.116478	0.166380
1.000000	19.000000	49563233.000000	27.382512	1.419471	29.121134	1.528073	6.272933	1977.585660	0.165040	0.132064	0.124076
1.000000	31.000000	50763153.000000	5.476853	1.256489	26.220802	1.532382	5.232305	1878.425057	0.086309	0.122774	0.147247
1.000000	13.000000	48960397.000000	23.406899	1.391048	26.414016	1.269594	11.073024	1603.200139	0.027809	0.107391	0.084837
1.000000	23.000000	49962167.000000	39.439893	1.090370	48.821209	1.586433	13.880191	1255.367780	0.167872	0.085884	0.146550
1.000000	24.000000	50063053.000000	16.694684	1.604854	25.706396	1.057271	7.037460	838.498800	0.137867	0.059147	0.135327
1.000000	27.000000	50363303.000000	11.231238	1.110613	37.172279	1.309810	14.160614	880.412773	0.194776	0.121226	0.074417
1.000000	6.000000	48263572.000000	49.145744	1.355040	41.838268	1.200431	7.420659	1884.542514	0.039948	0.040836	0.164091
1.000000	4.000000	48058338.000000	1.315078	1.314490	16.088037	1.635286	10.815920	1776.660802	0.123683	0.125866	0.097941
1.000000	5.000000	48163826.000000	49.277546	1.017111	38.238639	1.434974	5.890001	1205.457677	0.061928	0.077510	0.097181
1.000000	30.000000	50663920.000000	21.195635	1.620969	51.095420	1.459870	12.571890	1663.584176	0.124131	0.141945	0.067866
1.000000	8.000000	48464487.000000	22.500689	1.619702	55.527685	1.562003	5.006611	2015.981546	0.072028	0.150931	0.143495
1.000000	39.000000	51564557.000000	4.154254	1.378037	19.134532	1.340480	6.377223	719.066586	0.192985	0.185653	0.168421
1.000000	22.000000	49864777.000000	0.274246	1.681312	40.102551	1.391326	14.504181	522.071000	0.166815	0.034356	0.164966
1.000000	33.000000	50964900.000000	45.996012	0.950219	28.168731	1.575371	6.420859	483.732807	0.063025	0.086149	0.153154
1.000000	38.000000	51465720.000000	38.027175	1.257847	39.242459	1.036695	8.891214	1530.366226	0.140637	0.066277	0.181498
1.000000	25.000000	50165976.000000	25.494878	1.174780	49.831649	0.927931	11.172085	1992.847166	0.176430	0.194399	0.174891
1.000000	44.000000	52073294.000000	46.115532	1.622657	38.060320	0.998922	12.161086	348.049354	0.142091	0.096315	0.041293
1.000000	42.000000	88550698.000000	3.367812	1.645451	47.177321	1.064253	13.052710	557.750842	0.067849	0.028367	0.126445
1.000000	46.000000	94811054.000000	4.942000	1.134680	34.101589	1.612609	12.422499	1875.949892	0.099241	0.161131	0.155731
1.000000	96.000000	119550633.000000	25.178083	1.289241	51.411971	1.023652	11.591303	936.965477	0.185271	0.147869	0.026494
1.000000	102.000000	101566601.000000	2.390265	1.681151	40.604663	1.352900	10.972156	1958.732862	0.126254	0.038197	0.026355
1.000000	52.000000	60262628.000000	26.188559	1.513043	18.673737	1.051179	10.504548	725.828996	0.106421	0.073407	0.080434
1.000000	114.000000	94672844.000000	21.819894	1.183213	46.331849	0.929013	5.234611	1845.192231	0.093765	0.104298	0.119537
1.000000	98.000000	115673405.000000	49.561759	1.504261	50.274675	1.586795	12.032905	1337.431066	0.152470	0.041357	0.028442
1.000000	50.000000	83539862.000000	38.193731	1.291844	29.803049	1.661320	13.405952	1949.221588	0.088474	0.093438	0.074974
1.000000	86.000000	115058758.000000	48.440049	1.058076	57.577017	1.045196	11.374439	904.455141	0.108004	0.127271	0.101491
1.000000	110.000000	59780974.000000	29.692510	1.346887	44.531526	0.908639	14.738966	1370.132998	0.192766	0.157031	0.025353
1.000000	54.000000	89639900.000000	34.894126	1.392586	32.368413	1.612100	9.431132	749.415991	0.182816	0.040851	0.048699
1.000000	120.000000	101853289.000000	4.975918	1.675970	48.567492	0.986028	14.928195	310.602569	0.137640	0.183973	0.116902
1.000000	66.000000	114516974.000000	26.336278	1.004631	44.413920	1.199799	14.019128	1240.713270	0.065577	0.127559	0.024815
1.000000	92.000000	62068783.000000	37.314666	1.146482	43.821178	1.408557	8.308774	737.398554	0.161817	0.194083	0.027187
1.000000	104.000000	25234268.000000	2.832212	1.492225	16.821376	1.556142	8.515252	493.407162	0.088485	0.124129	0.157579
1.000000	56.000000	80252265.000000	19.684731	1.122583	48.757945	1.508031	6.159186	1662.090227	0.126221	0.158284	0.160335
1.000000	76.000000	107022911.000000	25.845157	0.964351	21.001143	1.600734	8.204042	991.579731	0.084739	0.031960	0.141683
1.000000	118.000000	40334716.000000	33.431948	1.675910	17.399649	1.617185	5.856030	286.110910	0.163703	0.067470	0.079397
1.000000	82.000000	105509556.000000	32.544120	1.593282	23.846438	1.659138	9.863674	1345.880676	0.092748	0.135157	0.124769
1.000000	100.000000	100260247.000000	39.206605	1.574411	21.525653	1.140572	7.903161	397.140170	0.172268	0.046811	0.092987
1.000000	84.000000	18489048.000000	22.496046	1.386202	41.252820	1.688784	5.270695	1117.625201	0.176980	0.152173	0.181021
1.000000	106.000000	97662201.000000	36.523766	1.040235	29.148143	1.451323	8.293007	1414.025086	0.169513	0.021054	0.039140
1.000000	78.000000	55058980.000000	7.200906	0.918149	32.155227	1.549747	6.138471	1774.453830	0.104869	0.110389	0.126234
1.000000	88.000000	26333046.000000	20.348284	1.480466	36.881673	1.640261	10.724487	1337.545057	0.022133	0.102780	0.083843
1.000000	68.000000	104330966.000000	14.223315	1.261943	59.416618	1.455530	6.333172	497.750900	0.112853	0.110506	0.182912
1.000000	74.000000	87245387.000000	1.053910	1.465597	35.127770	1.148851	5.426514	1979.618827	0.129994	0.021911	0.031958
1.000000	48.000000	95379614.000000	12.476875	1.271508	20.719348	1.648587	9.390001	929.763456	0.199443	0.095966	0.042140
1.000000	94.000000	44779796.000000	37.294340	1.249347	45.528532	1.623401	6.464951	432.371028	0.173330	0.137693	0.124471
1.000000	72.000000	51744756.000000	3.996410	1.444928	50.668868	1.410622	6.034371	1339.583533	0.127153	0.127330	0.154785
1.000000	116.000000	75601562.000000	22.717868	1.354498	45.402719	1.367095	5.151094	1031.945458	0.058584	0.179919	0.047769
1.000000	90.000000	115460550.000000	11.395457	0.922527	52.658425	1.678591	12.398545	438.544744	0.186136	0.145688	0.095642
1.000000	70.000000	105192748.000000	4.291115	1.365863	54.014926	1.198305	6.296036	1230.674965	0.175998	0.060775	0.086283
1.000000	64.000000	100759801.000000	7.485485	1.536206	52.059780	1.497366	6.235605	760.837530	0.086287	0.024439	0.072128
1.000000	62.000000	46780874.000000	21.795396	1.635336	34.260602	1.104599	9.983278	1246.455642	0.073708	0.029895	0.022429
1.000000	108.000000	77767643.000000	4.396333	1.499799	40.512116	1.560968	13.648493	457.926542	0.156692	0.159069	0.103196
1.000000	60.000000	39295663.000000	37.054828	1.408575	59.418987	1.350533	14.716305	718.563089	0.109443	0.148480	0.174079
1.000000	41.000000	31641492.000000	17.013529	1.130168	21.461243	1.103204	14.976350	1848.340775	0.075242	0.048549	0.102017
1.000000	85.000000	54285854.000000	36.411436	1.541440	40.795214	1.284596	13.902992	522.120335	0.144377	0.066981	0.085994
1.000000	112.000000	98644673.000000	8.099520	1.649240	38.711476	1.689039	9.713446	1179.999408	0.195980	0.080841	0.044361
1.000000	49.000000	61384089.000000	32.545304	1.117462	48.687168	1.048279	8.213810	994.410275	0.144687	0.170015	0.021023
1.000000	97.000000	27402094.000000	31.362524	1.367415	15.241563	1.461113	6.916894	1422.794901	0.166627	0.124279	0.138346
1.000000	58.000000	49366956.000000	46.316550	1.292473	51.168949	1.412803	6.279562	1815.934252	0.157218	0.124349	0.142439
1.000000	113.000000	42262381.000000	22.501463	1.005423	58.772441	1.140604	8.986607	324.203757	0.172745	0.041562	0.129922
1.000000	109.000000	71241465.000000	11.498651	1.098521	47.586630	1.673170	13.076227	838.807301	0.034314	0.145349	0.090615
1.000000	43.000000	37147174.000000	8.198952	1.377796	25.425238	1.027045	11.970537	1187.789952	0.084553	0.086141	0.131145
1.000000	45.000000	58291108.000000	34.074226	1.283803	54.616626	1.353987	11.954936	399.367204	0.161012	0.108507	0.094546
1.000000	80.000000	80250867.000000	13.149812	1.115586	49.335353	1.532369	6.335328	935.643556	0.044830	0.131621	0.081047
1.000000	55.000000	35731766.000000	31.768892	1.411534	37.185614	1.232623	9.339994	300.123889	0.176839	0.121843	0.134382
1.000000	87.000000	29026505.000000	13.353169	1.640779	49.420815	1.418811	13.624937	398.380508	0.049685	0.074902	0.027406
1.000000	119.000000	95157042.000000	0.986166	1.547991	54.692650	1.041721	12.786853	487.349186	0.165474	0.170638	0.116967
1.000000	117.000000	79221502.000000	49.006106	1.039466	27.700653	1.425883	11.548080	1558.117430	0.110907	0.025589	0.174956
1.000000	51.000000	77902458.000000	5.637007	1.187307	17.056700	1.203397	11.664982	1527.785892	0.037243	0.031833	0.047914
1.000000	91.000000	34500745.000000	11.518710	1.274027	29.869999	1.642393	13.508519	417.885043	0.161875	0.124280	0.070869
1.000000	101.000000	69934121.000000	19.807743	1.645897	45.977112	1.667445	11.130597	1786.930056	0.146048	0.030025	0.139845
1.000000	81.000000	51293132.000000	10.829050	1.160857	54.858167	1.659142	5.244068	1081.830608	0.115274	0.091934	0.043631
1.000000	95.000000	99659626.000000	46.092470	0.949007	51.303442	1.316020	6.916646	814.534233	0.032111	0.100985	0.099463
1.000000	65.000000	32090820.000000	34.574458	1.458924	21.235896	1.041632	6.305274	442.182322	0.132703	0.088863	0.092322
1.000000	75.000000	64410191.000000	16.913368	1.483329	40.225585	1.548837	6.685478	1797.395761	0.052660	0.058235	0.174246
1.000000	105.000000	120458488.000000	2.400285	1.126202	44.951730	1.426443	8.026978	1221.292666	0.168377	0.104437	0.042435
1.000000	103.000000	29461045.000000	45.957022	1.634218	36.671918	1.581503	5.417285	1082.880124	0.198854	0.098211	0.114130
1.000000	53.000000	68692264.000000	47.220060	0.933156	20.251805	1.439896	13.049192	691.367352	0.136464	0.140926	0.131274
1.000000	99.000000	35002150.000000	27.012859	1.100287	57.041726	1.408733	11.407154	867.699694	0.117101	0.151123	0.052256
1.000000	89.000000	55418205.000000	25.786801	1.299186	45.717077	1.518975	8.738115	555.971323	0.099093	0.057138	0.090641
1.000000	122.000000	77197056.000000	9.236740	1.197839	21.244293	1.465970	10.577777	1991.573439	0.166824	0.075898	0.111829
1.000000	67.000000	47682325.000000	0.099940	1.475465	28.465840	0.945377	8.376325	322.136276	0.154907	0.176750	0.087194
1.000000	47.000000	55376680.000000	22.505263	1.466143	53.981578	1.079717	11.476403	1242.051231	0.091496	0.155669	0.178749
1.000000	93.000000	98259250.000000	8.400800	1.377726	18.532478	1.104121	12.627887	578.744594	0.024416	0.170589	0.043956
1.000000	61.000000	89021419.000000	24.776467	1.197188	21.973996	1.442188	9.902499	1841.012632	0.146040	0.112951	0.048211
1.000000	63.000000	106455957.000000	36.427556	1.001333	34.428668	1.560617	8.558103	1755.283661	0.089874	0.136272	0.050656
1.000000	59.000000	73185249.000000	49.731989	1.248098	33.060303	1.154591	7.611509	1305.287214	0.142013	0.143875	0.154131
1.000000	73.000000	49887674.000000	15.163368	1.181379	55.849547	1.452646	14.223199	1488.163621	0.037940	0.127882	0.189106
1.000000	77.000000	23984229.000000	12.523759	1.226210	18.189240	1.633042	9.025220	586.157237	0.098122	0.108782	0.164817
1.000000	69.000000	51651826.000000	31.350865	1.671327	23.550263	1.480885	9.560226	1631.794050	0.049273	0.172355	0.155371
1.000000	83.000000	33227580.000000	18.632743	1.146055	23.622370	1.000777	7.046477	331.096417	0.053980	0.096567	0.165989
1.000000	115.000000	80700367.000000	40.329768	1.125456	55.753520	1.353999	6.908779	1385.781245	0.195136	0.166460	0.176791
1.000000	111.000000	65106825.000000	13.827073	1.693341	45.201945	1.540921	10.683268	326.179235	0.194919	0.151294	0.172622
1.000000	130.000000	33174068.000000	30.834340	1.372674	51.539311	0.902849	14.646498	388.549716	0.133228	0.150211	0.095426
1.000000	79.000000	17972762.000000	8.615520	0.978141	18.847039	1.135279	12.159853	1674.636489	0.119309	0.144271	0.155004
1.000000	127.000000	76811176.000000	5.139136	0.913245	53.076165	1.170509	14.250248	1069.157011	0.082293	0.101613	0.113838
1.000000	133.000000	97531984.000000	27.879144	1.471382	35.981042	1.143238	8.033861	686.259198	0.021133	0.025848	0.180842
1.000000	107.000000	98651886.000000	19.114829	1.133302	43.869704	1.324714	14.317353	1686.690673	0.042598	0.022118	0.169166
1.000000	71.000000	103885009.000000	29.965945	1.341267	31.552960	1.250409	14.115700	1111.752734	0.110542	0.050456	0.084702
1.000000	121.000000	96879072.000000	15.564340	1.451333	16.184256	1.392082	8.611932	1759.913638	0.137475	0.070462	0.122053
1.000000	140.000000	37975785.000000	32.855667	1.422696	16.644023	1.660956	14.358323	1345.023214	0.125500	0.067963	0.116713
1.000000	131.000000	114608679.000000	37.509376	1.004351	31.587412	1.435436	13.038177	1071.032678	0.076707	0.120298	0.030018
1.000000	126.000000	81189850.000000	26.761601	1.178408	32.073493	1.243729	12.797332	1902.527963	0.121722	0.120955	0.182736
1.000000	124.000000	81455916.000000	16.040724	1.312934	42.780562	1.262717	6.826643	1901.140084	0.147947	0.152688	0.112953
1.000000	57.000000	100463382.000000	26.437954	1.300378	25.885588	1.359253	10.651734	890.623185	0.099576	0.027294	0.152204
1.000000	137.000000	122684197.000000	4.468735	1.362678	18.909257	1.663218	14.050613	1208.114045	0.157480	0.125158	0.183948
1.000000	128.000000	42263147.000000	47.196196	1.291521	44.073162	0.992218	12.706042	378.644485	0.112712	0.175735	0.136904
1.000000	143.000000	63585621.000000	34.159077	1.695324	23.242917	1.121045	8.917164	682.281239	0.103125	0.150237	0.022841
1.000000	138.000000	44981854.000000	29.981892	1.457223	47.622991	1.641989	9.005373	443.519137	0.140370	0.127426	0.066086
1.000000	148.000000	57475036.000000	20.874607	1.527467	50.869852	1.006890	8.107750	762.983784	0.175417	0.082113	0.039761
1.000000	123.000000	112515317.000000	14.483249	1.637891	50.936246	1.006929	12.605923	1856.438601	0.154852	0.031102	0.178104
1.000000	152.000000	73592046.000000	11.685266	1.397080	58.995548	1.237069	6.399088	1674.593681	0.043958	0.095131	0.142243
1.000000	155.000000	66063554.000000	28.948849	1.294110	26.553255	1.191352	10.880265	605.830217	0.110198	0.183796	0.190774
1.000000	149.000000	121137589.000000	3.530159	0.902804	18.025409	0.973476	10.097971	1114.676452	0.164359	0.065720	0.088381
1.000000	145.000000	28346331.000000	6.748469	1.657971	51.651189	1.047151	5.864301	1654.740504	0.119930	0.048969	0.122443
1.000000	146.000000	31771292.000000	41.115230	1.425187	29.252704	1.069692	13.615174	1740.062438	0.091476	0.189128	0.095541
1.000000	132.000000	84532909.000000	0.512985	0.977150	24.119712	0.957062	7.443283	1918.326633	0.099990	0.146379	0.045888
1.000000	144.000000	52690211.000000	42.674978	0.977317	49.100115	1.664587	13.378404	1596.343134	0.161056	0.176031	0.166429
1.000000	135.000000	67593240.000000	16.737101	1.130254	22.952223	1.159699	10.078696	1938.692317	0.075027	0.033979	0.070228
1.000000	134.000000	67454757.000000	2.908108	1.101387	44.866122	1.391482	10.441492	484.269615	0.079974	0.158667	0.167887
1.000000	139.000000	96542533.000000	39.286928	1.157338	46.329759	1.109039	7.508192	1708.303010	0.176814	0.184112	0.154260
1.000000	154.000000	121990084.000000	33.185883	1.132637	55.964544	1.449202	6.728528	811.397469	0.130363	0.053781	0.170696
1.000000	158.000000	26395529.000000	47.337550	0.978034	49.966188	1.249749	11.736816	1915.036984	0.147459	0.024797	0.051065
1.000000	129.000000	117082759.000000	15.372399	1.196119	30.080311	1.310736	10.891079	857.312764	0.085821	0.051413	0.064279
1.000000	156.000000	87106131.000000	36.656854	1.450267	31.244085	1.315780	6.894113	1180.383534	0.137944	0.099014	0.093390
1.000000	153.000000	50700823.000000	10.573039	1.392007	22.312909	1.341200	13.068219	1863.116938	0.049055	0.042894	0.052556
1.000000	147.000000	46088737.000000	6.932381	1.127478	42.951130	1.574302	10.414307	965.514057	0.122555	0.031146	0.185932
1.000000	136.000000	72860378.000000	0.231922	1.070737	53.545952	1.533749	13.388002	1700.046851	0.027465	0.069420	0.130085
1.000000	157.000000	103701108.000000	18.755832	1.089713	28.473043	1.299827	11.216336	1495.408016	0.084343	0.132426	0.131288
1.000000	151.000000	118415398.000000	10.080875	1.695899	58.179519	1.527714	10.631584	1909.245659	0.175852	0.130034	0.160199
1.000000	125.000000	85054392.000000	23.005812	0.913542	56.246176	1.383090	14.781133	800.758386	0.095400	0.102122	0.152220
1.000000	142.000000	47639959.000000	35.155199	1.219582	46.172417	1.265437	5.932082	1341.936813	0.059330	0.108647	0.108227
1.000000	160.000000	81276030.000000	34.571350	0.910591	20.205953	1.276598	7.874976	1918.915906	0.041238	0.197890	0.087250
1.000000	141.000000	27703698.000000	38.521710	1.153724	27.496623	1.597433	11.952220	1923.990054	0.101624	0.070140	0.055246
1.000000	159.000000	112614524.000000	23.603334	1.269075	45.759608	1.262433	10.372479	1175.011267	0.063239	0.057059	0.043327
1.000000	150.000000	121561757.000000	2.683278	1.431737	37.496404	1.077977	13.443031	1967.890369	0.055884	0.175302	0.101066
