			a_acc	b_acc	a_speed	b_speed	sgmInput	S	tauR	tauG	tauD	
1	133	83416491	15.855082	1.109831	0.014097	1.475015	5.171322	443.805901	0.036448	0.009316	0.135328	17815.80405
1	19	25646351	24.509649	0.995276	0.039431	1.529754	5.510695	357.906619	0.028984	0.011277	0.144678	17820.78357
1	47	46487485	15.366046	1.125995	0.000658	1.460357	5.399509	509.650031	0.051132	0.007189	0.122735	17832.979
1	66	96329470	66.31167	0.81312	0.717281	1.622221	5.177792	450.228761	0.078739	0.001499	0.118572	17846.95729
1	154	42113245	17.265953	1.22271	0.053817	1.605924	5.409156	618.284944	0.057	0.004951	0.160878	17855.92535
1	97	105073019	29.353482	1.112331	0.170612	1.780698	5.658659	390.472484	0.031322	0.008874	0.205503	17859.0755
1	69	37803950	58.253617	0.920005	0.000275	1.659634	5.505672	672.320856	0.116283	0.001065	0.115927	17861.13693
1	6	24344143	18.703335	1.272133	0.04328	1.773619	5.354987	552.889328	0.043835	0.007024	0.199061	17861.97441
1	30	26748746	45.111613	1.038903	0.019869	1.576356	5.648244	589.371173	0.102719	0.002366	0.105381	17863.38537
1	38	27545878	49.80553	0.959714	0.451821	1.882324	5.685673	409.124659	0.04278	0.007087	0.207669	17868.05794
1	75	67811020	48.848576	0.900241	68.909444	0.684761	6.333749	905.563101	0.134607	0.185306	0.054331	17869.39221
1	23	26043569	47.719435	1.009686	0.008975	1.530653	5.826328	619.922081	0.121034	0.001748	0.090909	17869.88178
1	72	97395728	19.08611	1.254935	0.004427	1.729451	5.739496	618.208733	0.06013	0.007139	0.174328	17870.33096
1	24	26143574	12.262492	1.347119	0.002475	1.641823	5.801509	966.137153	0.183899	0.001	0.094501	17870.5391
1	4	24151961	55.200555	0.926294	0.004122	1.823459	5.781039	478.972372	0.062423	0.006425	0.170916	17871.034
1	35	27244099	43.837745	1.067872	0.004865	1.646422	6.112767	650.569852	0.110124	0.003963	0.116299	17871.93942
1	129	32618640	13.645811	1.302043	0.001253	1.605884	6.120242	667.367506	0.123173	0.00452	0.099362	17872.54705
1	80	98785926	18.946016	1.148804	3.984598	1.517945	5.409662	521.670279	0.050391	0.003474	0.147333	17873.01589
1	58	15979241	38.630702	0.786591	1.646488	1.307972	5.45136	277.027014	0.036249	0.010412	0.084045	17874.81448
1	144	53924222	8.177927	1.301882	0.00013	1.542603	5.229063	619.943742	0.138403	0.001072	0.07294	17877.47006
1	73	34604683	19.457399	1.125282	0.000883	1.467202	5.825721	428.514942	0.07024	0.011489	0.084583	17879.2662
1	102	63207428	39.284846	1.037522	69.867965	0.640552	6.456945	812.889135	0.128965	0.161855	0.036258	17879.73115
1	26	26922238	24.898666	1.162492	67.200533	0.69155	6.667392	1009.869315	0.156205	0.132469	0.033567	17879.97139
1	148	57983474	5.934744	1.124306	0.00473	1.432539	5.89499	292.565083	0.041263	0.025394	0.068672	17880.69762
1	128	50315644	31.268768	0.926675	0.000048	1.419165	6.010598	316.480667	0.049236	0.016585	0.079184	17881.87604
1	63	37107728	43.884409	1.081554	0.007856	1.572581	5.737779	771.291964	0.167473	0.001002	0.079976	17883.83222
1	17	25444621	25.177345	1.087807	53.005527	0.850106	6.343118	1150.583197	0.141779	0.175433	0.026436	17883.86574
1	86	32483142	19.583302	1.156344	56.667772	0.790709	6.464181	1205.32022	0.156833	0.152912	0.02817	17887.68416
1	43	76826509	25.368239	1.046151	64.274025	0.598113	6.219557	1639.004944	0.230096	0.198585	0.008957	17888.06175
1	139	69425643	21.487597	1.281899	0.44773	1.665426	6.059672	1024.196568	0.145181	0.001004	0.132673	17892.12153
1	16	25343583	56.701656	0.900844	0.077291	1.659596	6.305168	846.934666	0.139567	0.003043	0.116848	17893.85975
1	13	25046715	32.723228	0.99225	50.622358	0.948581	6.713015	609.064168	0.059468	0.194188	0.047734	17894.29094
1	39	27651378	19.640139	1.142923	57.78966	0.754138	6.207865	1450.34445	0.183567	0.162719	0.031877	17894.65989
1	108	70220331	0.057991	1.347548	66.362467	0.673203	6.334846	1833.462057	0.257213	0.127351	0.040174	17898.0634
1	151	50270882	33.854781	1.197819	0.01405	1.5864	6.250786	802.740681	0.198334	0.002108	0.072702	17898.31597
1	107	59060047	24.189056	1.143312	55.393106	0.885745	6.661192	1073.040359	0.130437	0.142436	0.055446	17901.34246
1	1	23849106	24.003079	1.096365	51.753024	0.901876	6.596131	1179.662815	0.136419	0.158129	0.046576	17901.58831
1	143	87062757	5.073006	1.258214	41.839825	1.029504	6.486781	1197.042465	0.132308	0.135713	0.035915	17901.82812
1	28	26545894	11.578192	1.332612	0.000016	1.680971	6.560998	868.123694	0.166816	0.007369	0.097899	17902.79206
1	62	50673512	15.063637	1.213166	54.35703	0.90499	6.741697	1219.198534	0.154332	0.123998	0.051472	17902.92542
1	119	110362571	18.200072	1.333682	0.013927	1.759581	6.057672	975.511779	0.126436	0.002243	0.150518	17902.97177
1	2	23951706	7.500287	1.272239	43.210081	1.040698	7.053975	1170.280836	0.164917	0.153806	0.011339	17903.17509
1	7	24446724	0.503851	1.331183	43.546268	1.016457	6.64498	980.193516	0.124101	0.130027	0.021477	17904.46883
1	112	119190896	35.764747	1.201494	0.020865	1.997163	6.125028	514.695734	0.054596	0.009323	0.215107	17904.84008
1	117	91938702	26.217942	1.073412	58.185201	0.800842	6.273999	1479.016083	0.182635	0.146893	0.051754	17904.84114
1	157	80822611	28.08	1.041135	47.434947	0.984731	6.479882	827.441315	0.076534	0.183706	0.053326	17906.43468
1	57	100043415	9.86117	1.26199	49.598722	0.950935	6.539465	1059.102985	0.121763	0.127533	0.048022	17907.64928
1	48	47201972	45.5041	1.017328	0.000382	1.625556	6.931449	490.783556	0.100209	0.016885	0.092988	17908.04215
1	33	27622242	14.817521	1.091988	0.00348	1.546807	6.775214	419.875167	0.051966	0.027027	0.095609	17908.6362
1	120	23938278	45.980023	1.097013	0.000421	1.936057	5.666169	673.333073	0.071021	0.003324	0.21231	17910.34219
1	100	59776030	55.238164	0.967571	0.000053	1.657028	6.409501	644.370653	0.151591	0.014659	0.07609	17910.66707
1	82	64187280	11.613477	1.19387	42.3102	1.00618	6.243728	1258.725151	0.126664	0.158257	0.03807	17911.03136
1	87	77246791	0	1.357116	70	0.662101	6.239562	1619.633894	0.217353	0.094302	0.060837	17911.91054
1	42	82486388	51.910088	0.449455	69.993197	0.1	5.674368	1767.800873	0.23281	0.713545	0.015474	17913.84325
1	74	61092867	10.886166	1.304457	60.233694	0.856159	6.572715	1103.761613	0.144346	0.103707	0.064452	17913.85407
1	156	108422141	69.734239	0.740956	0.017306	1.623492	5.925099	970.749562	0.177288	0.001185	0.096742	17916.72123
1	77	70841759	3.83156	1.236951	52.655408	0.868594	6.478245	1775.548142	0.209325	0.117931	0.057761	17920.60779
1	64	89122038	8.20402	1.179157	33.934183	1.087963	6.88603	801.198997	0.072349	0.152836	0.026013	17920.75458
1	53	60020425	40.047284	1.108607	0.610017	1.583782	6.295911	460.303814	0.11774	0.006884	0.076697	17921.83681
1	153	72924263	45.989485	0.941605	60.578411	0.943625	6.626772	442.141744	0.051014	0.185564	0.0879	17921.85875
1	96	56854003	0.773697	1.281461	27.774641	1.225699	6.592294	1017.204044	0.114787	0.152579	0.005298	17922.20249
1	61	73389794	0.010689	1.256543	59.213649	0.740934	6.1952	2092.112651	0.25294	0.114516	0.05588	17922.44872
1	140	95907207	38.500677	1.10901	0.000029	1.784306	6.673251	741.620469	0.102931	0.012629	0.141103	17923.93725
1	138	52473221	14.14548	1.191651	46.565366	1.039034	6.783288	951.404734	0.098522	0.125956	0.062876	17924.66589
1	135	116680690	13.523212	1.405255	0.061622	1.769818	6.872829	1141.68592	0.23138	0.001002	0.119636	17928.05678
1	12	24951298	21.153916	1.226097	57.227144	0.930107	6.506564	887.530409	0.104767	0.122079	0.073031	17928.59265
1	150	52567203	2.911326	1.298759	41.400039	1.06623	6.985789	866.554288	0.098642	0.120653	0.039593	17929.40813
1	88	83986908	25.711715	1.169017	0.009744	1.703114	6.673736	646.584601	0.090493	0.021664	0.114242	17931.95927
1	123	85895785	6.838116	1.161767	29.389889	1.143195	6.547655	769.524053	0.056282	0.153383	0.033343	17934.74578
1	124	99560143	4.432526	1.366718	58.480744	0.868949	6.642507	779.284529	0.115649	0.10798	0.038276	17935.14406
1	50	83091903	4.096422	1.14081	22.720233	1.179641	6.49846	805.230981	0.056577	0.16251	0.014502	17936.20105
1	76	29410386	4.137466	1.171372	26.85714	1.132833	6.681552	696.72099	0.05107	0.14367	0.02595	17939.68354
1	113	43987538	11.235039	1.302497	0.007699	1.605683	6.675796	529.240556	0.136619	0.028643	0.056161	17940.16894
1	125	109518044	5.378252	1.192147	35.18332	1.157127	6.605312	1159.182381	0.101111	0.128943	0.06273	17941.76768
1	160	44176641	40.353555	1.263151	0.004565	2.224338	6.140253	582.995713	0.05455	0.005721	0.288985	17944.97252
1	84	116352637	10.378203	1.224561	0.000156	1.420396	6.041971	413.756668	0.123879	0.005508	0.047266	17945.14209
1	83	103202327	19.45838	1.258203	68.928261	0.739043	6.857941	678.343555	0.119164	0.106254	0.040744	17946.78444
1	114	100400157	36.430781	1.133267	0.000068	1.638086	6.826482	1239.424068	0.265512	0.004455	0.082738	17947.5736
1	130	33765286	7.101922	1.086368	1.778291	1.542066	5.556337	441.028135	0.023259	0.029644	0.127745	17949.38266
1	68	80922788	12.026891	1.393409	0.001754	1.854059	6.672183	1098.830587	0.173618	0.007896	0.134943	17949.81711
1	40	27748004	33.884656	1.178838	0.00001	1.949369	6.570985	833.338718	0.092485	0.009606	0.192286	17954.17317
1	56	49152863	0.371445	1.331534	0.00183	1.666949	6.382369	654.287951	0.13221	0.034654	0.064859	17957.53126
1	81	68029623	15.842517	1.09178	25.875362	1.282717	6.871677	1204.892394	0.134487	0.186106	0.005662	17959.17223
1	15	25243597	22.394958	1.020999	48.111226	0.968474	6.276104	1883.997771	0.206422	0.154453	0.067182	17959.42829
1	159	45662201	28.920079	1.137861	53.959522	1.06002	6.528394	660.669137	0.062801	0.135991	0.103405	17960.71265
1	67	72594849	5.361818	1.230031	37.870487	1.165356	6.925984	995.586515	0.101238	0.100898	0.070329	17962.02793
1	78	42189906	35.333289	1.223041	0.062894	1.608708	6.872254	606.190815	0.204296	0.015085	0.052642	17965.22368
1	90	111360938	0.037775	1.140538	21.351523	1.151194	5.667054	778.853022	0.035959	0.140625	0.050104	17972.14671
1	115	77215969	28.09264	1.056563	44.934573	1.18509	6.25698	943.929651	0.080229	0.150996	0.094542	17976.33402
1	137	113665336	0.338218	1.263151	33.314785	1.277012	6.931272	1373.026579	0.130001	0.101247	0.091947	17979.9807
1	29	26650708	0	1.212171	26.075936	1.259979	7.017349	884.103628	0.069846	0.103253	0.072997	17980.58465
1	55	19633436	0.000158	1.176892	11.251226	1.368915	6.345358	1265.535739	0.114204	0.160718	0.002994	17982.47789
1	118	120689868	11.239287	1.185208	6.456425	1.612634	7.202231	420.787489	0.058803	0.033443	0.0956	17983.98631
1	45	32417019	19.635679	1.116307	39.134768	1.253744	6.779416	1004.738323	0.086559	0.114854	0.104454	17986.35319
1	131	118591697	29.746975	1.481142	0.022747	2.602333	5.980254	554.470448	0.035582	0.006995	0.411932	17987.36825
1	52	18858215	0.050292	1.143707	15.871209	1.363142	6.175955	840.242322	0.045627	0.096812	0.093989	18001.79799
1	99	28905708	18.873262	1.109369	37.253373	1.199573	6.980484	510.682224	0.03891	0.119931	0.091404	18002.39273
1	18	25546128	11.914377	1.133921	30.099551	1.298258	6.10656	865.87243	0.051546	0.119655	0.108511	18011.70759
1	141	112240895	46.589927	1.024794	5.245863	1.435201	6.711806	301.892918	0.120107	0.00216	0.046017	18017.72586
1	145	104858838	22.326131	1.082747	23.824405	1.533745	6.642056	397.205284	0.035428	0.024576	0.154809	18036.19419
1	109	75557356	17.199464	1.179296	15.285691	1.796445	6.622413	545.854565	0.040132	0.03109	0.189155	18039.56553
1	32	27522296	54.372765	0.972862	20.451056	1.474944	6.729319	782.438043	0.228701	0.001463	0.047328	18040.96254
1	94	26267885	8.113005	1.181432	19.705636	1.527407	6.374458	839.810928	0.057044	0.082664	0.118457	18043.06311
1	105	51905909	24.433236	1.137982	66.580003	0.939981	6.640065	501.269154	0.086973	0.029154	0.078544	18046.33571
1	70	45709599	69.999008	0.824896	44.552785	1.248699	6.128659	631.749765	0.237359	0.016007	0.017442	18047.71596
1	85	37056345	0	1.277382	54.360009	1.078412	6.796331	1203.987278	0.158308	0.033566	0.096805	18052.95331
1	93	53972398	1.098471	1.315089	69.897373	0.846899	6.61293	442.774257	0.147235	0.057461	0.010923	18054.54959
1	60	53469840	1.610443	1.317739	37.796248	1.290866	6.798965	563.183317	0.066606	0.056675	0.087736	18055.86608
1	155	125102057	9.730659	1.254005	46.085477	1.27487	6.599908	610.730914	0.070697	0.032857	0.12052	18057.10358
1	3	24051027	49.297694	0.88152	3.506571	1.598999	6.731935	1853.874477	0.345464	0.01623	0.070981	18058.63788
1	104	32432582	2.927627	1.285524	31.646722	1.37262	6.932984	532.790647	0.068252	0.055119	0.080072	18059.47141
1	134	98790480	32.470584	1.358167	31.171664	1.507856	6.178764	642.647966	0.463767	0.029459	0.005125	18059.80987
1	101	22924158	26.435403	1.189967	49.533045	1.277881	7.175251	495.544995	0.048606	0.09222	0.14542	18060.93001
1	27	26444956	33.056694	1.125157	23.482459	1.57746	7.524566	983.250499	0.183225	0.02155	0.086553	18061.52937
1	25	26245900	11.087341	1.21232	41.424612	1.316399	7.135938	546.11059	0.073959	0.032556	0.103812	18061.53415
1	91	110912818	12.210965	1.270242	51.099659	1.207016	6.725825	1098.623771	0.121256	0.040528	0.134632	18061.56045
1	122	100151020	20.575647	1.170963	51.363888	1.180063	6.852249	740.555176	0.112588	0.020458	0.092306	18065.18541
1	142	111831419	0.618611	1.280999	40.377135	1.234057	7.817264	578.628665	0.085974	0.0611	0.07124	18071.01617
1	9	24647411	48.731714	0.910079	36.260554	1.332346	6.839854	1497.725924	0.296017	0.008276	0.060386	18071.28661
1	95	22657244	21.76602	1.161272	39.915704	1.364176	7.143607	731.207877	0.103029	0.026177	0.104397	18071.74059
1	127	88413974	24.979195	1.103996	37.867457	1.4242	6.718625	400.880794	0.040345	0.023658	0.16131	18074.65434
1	103	87543821	25.81604	1.172949	32.731934	1.533984	7.299805	1025.34375	0.148672	0.001485	0.130572	18075.85077
1	36	27347550	43.115171	0.990006	67.685174	0.963691	6.981465	823.393177	0.141882	0.011795	0.085952	18080.18393
1	8	24547337	43.244683	0.957013	22.247689	1.82637	7.099536	417.268106	0.048409	0.033782	0.162052	18080.69909
1	49	101364660	25.452336	1.135932	40.122046	1.381601	7.064077	1064.970563	0.167699	0.001999	0.10342	18081.00034
1	41	60023970	24.88569	1.10697	51.330695	1.196527	7.105452	766.568826	0.118989	0.009177	0.098584	18081.52694
1	34	27147323	31.888198	0.99221	35.166366	1.436241	6.542086	397.835271	0.040451	0.023264	0.151257	18083.954
1	21	25849547	25.376661	1.15655	34.942751	1.497247	7.019828	1129.120288	0.149061	0.002789	0.134613	18086.27992
1	46	105967528	22.032894	1.154676	0.001415	1.502793	6.453861	310.379172	0.131178	0.042735	0.006804	18088.93049
1	89	26655396	19.108667	1.224792	6.158352	1.458898	6.145717	330.278304	0.163042	0.016004	0.017363	18093.55438
1	98	88700948	24.932588	1.144477	48.323648	1.225058	6.945533	570.758017	0.150353	0.002245	0.054653	18094.30574
1	111	88390345	33.632411	1.067185	57.376921	1.080431	6.860939	503.897089	0.129011	0.021032	0.046086	18094.74297
1	54	37784124	13.282781	1.224045	36.915882	1.351737	7.212934	1074.74419	0.185184	0.025292	0.075166	18095.97073
1	152	92290822	14.859826	1.301782	34.282997	1.341203	5.487012	269.413713	0.199066	0.009388	0.008802	18096.43067
1	51	96397252	31.340043	1.086373	36.335891	1.456332	7.095383	1067.744537	0.137411	0.03677	0.117166	18096.47109
1	31	26845215	24.981788	1.171031	69.833176	0.880008	6.521144	388.935053	0.166963	0.046338	0.001052	18096.51427
1	147	93656598	59.162108	0.827565	51.467753	1.204377	7.024784	707.196648	0.140555	0.003952	0.077206	18096.78768
1	132	54235299	51.489874	0.891398	47.164154	1.178694	7.413464	1113.263497	0.273532	0.044552	0.028379	18097.05285
1	146	30142376	34.219028	1.131231	52.340184	1.171714	6.37045	533.582703	0.200547	0.011501	0.024098	18100.11315
1	92	98185839	30.512695	1.109473	45.668335	1.382812	7.049316	1149.59375	0.149928	0.002909	0.142862	18103.62545
1	136	82206261	27.290049	1.173391	40.344113	1.524263	6.695597	344.345519	0.034835	0.038869	0.178339	18103.77586
1	110	26430693	41.724671	0.799503	5.875009	1.501597	6.628606	2357.420245	0.34152	0.018896	0.079605	18104.6246
1	79	65289027	36.33011	0.881504	28.738093	1.309176	6.638538	388.981401	0.056518	0.027271	0.076264	18107.54481
1	11	24845858	23.801702	1.183701	26.292125	1.386098	6.571292	417.445927	0.163995	0.008673	0.029782	18112.21646
1	121	40001484	25.263403	1.067347	28.842081	1.332958	6.830544	391.073748	0.086122	0.026827	0.050684	18112.96457
1	10	24743589	6.314375	1.22377	37.529432	1.300192	6.218254	391.100755	0.118259	0.016829	0.039085	18115.03634
1	22	26522230	50.920995	0.808133	39.323895	1.32208	6.842351	265.126414	0.045508	0.038827	0.092298	18125.17085
1	20	26322242	32.313967	1.094693	33.226341	1.382681	7.481004	521.40745	0.135233	0.034631	0.045957	18125.36014
1	106	48076895	15.452537	1.335951	69.993646	1.074798	6.828863	1023.768025	0.116396	0.001917	0.202205	18128.52766
1	44	70844862	25.517309	1.18094	25.002515	1.450645	7.15322	742.059817	0.196799	0.050891	0.027073	18131.53573
1	37	27443837	26.118692	1.009931	27.27061	1.251215	6.43891	318.638159	0.085272	0.021992	0.031424	18137.51369
1	126	77177569	45.597634	1.052955	46.836551	1.658212	7.668182	346.422954	0.043804	0.018144	0.230304	18155.57331
1	5	24246741	6.865997	1.319116	63.470306	1.146753	8.80603	1123.78125	0.220755	0.015375	0.106597	18186.45203
1	14	25147330	21.647473	1.364484	60.684758	1.346309	8.594922	865.643128	0.13355	0.00841	0.189699	18196.47694
1	71	94261520	12.363281	1.246875	31.699219	1.609375	8.539062	1439	0.193101	0.003067	0.18427	18198.26543
1	59	20637520	29.165549	1.0007	14.058878	1.411132	7.209929	573.284118	0.117888	0.053029	0.025711	18227.9194
1	116	45398751	24.855734	0.834255	6.360612	1.217985	6.012524	205.249431	0.054494	0.045205	0.002332	18235.33051
