2.000000	16.000000	99504400.000000	12.003757	1.639052	28.709674	2447.050324	0.384079	0.122622	0.235159	10969.644243
2.000000	37.000000	101138235.000000	25.651323	1.315779	25.904795	1889.046961	0.289393	0.191189	0.147082	10969.881718
2.000000	35.000000	101398801.000000	49.445508	1.001661	18.820777	2051.618774	0.393477	0.335239	0.159851	10978.870631
2.000000	29.000000	100799536.000000	47.718377	1.029557	19.378051	1586.461269	0.287071	0.295240	0.135992	10979.299739
2.000000	4.000000	97838347.000000	18.206504	1.385926	27.803554	2280.996242	0.370793	0.130719	0.175773	10969.053905
2.000000	7.000000	98599242.000000	6.820321	2.640556	34.455941	1283.876929	0.124928	0.131635	0.439810	10986.088668
2.000000	34.000000	101304528.000000	12.421192	1.635077	30.656540	1396.289436	0.141760	0.302303	0.108437	10970.221732
2.000000	21.000000	99538422.000000	19.400162	1.453123	17.543848	307.535902	0.001193	0.204374	0.193123	10924.025083
2.000000	6.000000	98499788.000000	22.339295	1.525084	23.057013	451.144600	0.087716	0.094200	0.159735	11007.621149
2.000000	11.000000	98538265.000000	0.000000	1.572101	26.540298	1797.941937	0.357506	0.257067	0.014155	10967.194816
2.000000	36.000000	101499386.000000	40.563396	1.323352	22.608631	1143.857618	0.158285	0.279798	0.188883	10995.273385
2.000000	8.000000	98696634.000000	14.904205	1.564599	30.083902	1385.043788	0.143938	0.283749	0.111504	10972.301891
2.000000	23.000000	100197278.000000	18.946052	1.459266	28.636876	1807.031694	0.246976	0.214932	0.151502	10973.823601
2.000000	13.000000	99204432.000000	14.550085	1.642958	24.235865	507.570180	0.017839	0.233853	0.139626	10935.143473
2.000000	33.000000	101198980.000000	17.026999	1.658286	22.450443	421.963117	0.015680	0.215610	0.165835	10936.818943
2.000000	30.000000	100438321.000000	1.989659	1.776700	28.797301	2319.877427	0.434186	0.051573	0.228648	10980.451405
2.000000	38.000000	101704391.000000	14.074876	1.492293	21.949431	304.646279	0.011640	0.157654	0.140805	10932.577236
2.000000	20.000000	99899761.000000	23.272715	1.402896	18.315719	656.916404	0.219146	0.001803	0.114706	11078.507023
2.000000	12.000000	98638391.000000	12.484316	1.444218	23.464872	3838.621541	0.758064	0.039266	0.224326	10967.684548
2.000000	19.000000	99800230.000000	4.228773	1.352938	24.439524	165.995537	0.021376	0.061646	0.085987	10918.807420
2.000000	32.000000	100638411.000000	12.725369	1.755447	25.905064	496.984370	0.050254	0.157136	0.160609	10939.327300
2.000000	26.000000	100038332.000000	0.000141	1.830012	29.097227	484.587368	0.044739	0.153672	0.107140	10903.478476
2.000000	40.000000	101438271.000000	17.926220	1.452119	27.655612	2336.683096	0.348041	0.171000	0.196880	10968.072544
2.000000	15.000000	99398890.000000	37.787442	1.182106	22.976053	1435.332148	0.220109	0.250767	0.140768	10986.017064
2.000000	22.000000	100107035.000000	18.983930	1.148225	17.586971	205.588371	0.002492	0.129283	0.153380	10936.723682
2.000000	14.000000	99307122.000000	29.647102	1.474432	25.581555	1154.999585	0.185405	0.081816	0.217499	11014.247868
2.000000	10.000000	98438435.000000	31.741520	1.492209	23.604934	2047.176219	0.376014	0.001436	0.295491	11010.857280
2.000000	24.000000	99838354.000000	27.477304	1.185219	23.053522	2788.431370	0.504011	0.186052	0.136345	10953.727568
2.000000	31.000000	100998919.000000	0.000009	1.620106	26.191569	458.785257	0.048412	0.212492	0.018834	10930.251367
2.000000	3.000000	97738431.000000	28.756052	1.292101	25.338539	1677.089344	0.254113	0.207388	0.139006	10974.377577
2.000000	1.000000	98003949.000000	5.651229	1.810560	26.127211	427.381016	0.006830	0.168216	0.158239	10916.160366
2.000000	28.000000	100238469.000000	17.164786	1.612816	25.371294	1846.472324	0.369354	0.012715	0.228857	11003.794249
2.000000	2.000000	97638251.000000	4.969682	1.561776	27.145109	417.352691	0.027890	0.180407	0.067901	10923.449981
2.000000	5.000000	98403902.000000	19.278871	1.173399	23.192001	264.690191	0.057041	0.028717	0.111386	11049.255052
2.000000	25.000000	99938415.000000	2.554910	1.568562	22.766683	168.776782	0.004062	0.061211	0.138487	10907.890239
2.000000	39.000000	101800016.000000	24.689592	1.145596	21.551982	267.079772	0.045367	0.087212	0.108696	11038.424652
2.000000	100.000000	73547084.000000	0.014648	1.783203	23.764648	690.875000	0.203244	0.005778	0.162726	10996.554071
2.000000	9.000000	98798070.000000	35.425943	1.159360	19.470014	1759.406393	0.304730	0.587226	0.007203	10995.840153
2.000000	52.000000	31229739.000000	16.049705	1.622865	29.920631	1905.241331	0.302861	0.141322	0.210830	10980.966644
2.000000	18.000000	99704696.000000	28.948747	1.259734	20.750053	424.944521	0.096006	0.031167	0.139506	11073.120303
2.000000	17.000000	99138408.000000	52.689070	0.709081	17.287802	2428.324323	0.526771	0.360944	0.032767	10971.523271
2.000000	72.000000	59454130.000000	46.398081	1.061500	19.809758	1157.520423	0.196187	0.284879	0.117581	10992.582999
2.000000	27.000000	100138456.000000	37.730541	0.873488	18.277705	3415.403748	0.708646	0.381381	0.021252	10958.748670
2.000000	48.000000	60838264.000000	10.666460	1.834199	26.199574	430.066927	0.046519	0.125725	0.185542	10940.703964
2.000000	98.000000	62927161.000000	0.026235	1.978679	30.104135	603.426267	0.057455	0.139389	0.157123	10903.407983
2.000000	92.000000	54691583.000000	57.652505	0.948568	19.582163	2063.949202	0.401666	0.002009	0.220486	11004.228525
2.000000	104.000000	42052117.000000	0.000000	2.040272	35.360792	1130.127523	0.084090	0.202436	0.182052	10931.837482
2.000000	86.000000	85670563.000000	48.576080	1.448788	20.279371	1751.610580	0.294160	0.192117	0.363996	10994.333740
2.000000	120.000000	68110641.000000	20.315442	1.436225	26.960314	1364.473215	0.175676	0.305390	0.076774	10978.920628
2.000000	114.000000	106065844.000000	0.000000	1.793774	25.224171	227.441702	0.009175	0.082298	0.146747	10900.912542
2.000000	112.000000	74537877.000000	17.447092	1.349552	25.663757	1673.413197	0.285022	0.274524	0.038388	10977.973241
2.000000	108.000000	86115010.000000	0.119000	1.613327	26.344718	308.040872	0.046209	0.131083	0.062585	10913.885512
2.000000	56.000000	99408967.000000	31.529690	1.199205	19.742807	264.736604	0.045541	0.073864	0.171896	11052.785042
2.000000	62.000000	35698396.000000	17.681422	1.185428	23.100243	198.869142	0.015207	0.043773	0.167654	10986.547379
2.000000	82.000000	33495057.000000	0.134267	1.896876	27.811879	744.686719	0.144818	0.037777	0.199328	10959.588249
2.000000	84.000000	47967947.000000	0.101368	1.701866	27.133023	431.010673	0.058679	0.151432	0.068416	10906.775711
2.000000	60.000000	96015790.000000	0.922409	1.813071	28.817182	502.096916	0.049605	0.159445	0.102402	10904.591116
2.000000	68.000000	80870222.000000	1.537767	1.672485	26.072244	246.372697	0.028522	0.045120	0.156961	10919.548107
2.000000	80.000000	114131474.000000	3.098127	1.347616	25.377318	3340.933924	0.584317	0.269620	0.057233	10951.533614
2.000000	64.000000	29786145.000000	22.470251	1.336152	22.440249	294.153769	0.032847	0.083270	0.183011	11012.867341
2.000000	106.000000	34710064.000000	44.293340	1.107200	20.769116	1943.274434	0.344699	0.223888	0.180048	10970.900301
2.000000	42.000000	72660145.000000	0.105157	1.890656	26.711543	1863.568045	0.426329	0.003343	0.233824	10995.128271
2.000000	90.000000	45527534.000000	27.004139	1.613882	25.637393	841.415161	0.066210	0.272499	0.201923	10979.710856
2.000000	50.000000	97367300.000000	64.201509	0.949051	18.533216	1648.989274	0.327402	0.001498	0.252637	11015.763591
2.000000	116.000000	87371166.000000	41.462467	1.233308	18.671825	1051.967904	0.127881	0.508289	0.100689	11015.419458
2.000000	99.000000	37963122.000000	33.181823	1.548545	22.707755	781.395428	0.138987	0.047417	0.250338	11040.398062
2.000000	110.000000	62643382.000000	32.048529	1.273205	21.329124	1023.200530	0.131189	0.422520	0.040041	11005.151824
2.000000	66.000000	86042646.000000	10.145406	1.256210	26.477186	211.395688	0.023694	0.001007	0.134866	10973.495802
2.000000	78.000000	38788838.000000	23.397395	1.209498	16.249510	181.081395	0.035333	0.143102	0.088079	11003.659034
2.000000	54.000000	62652172.000000	10.129594	1.056372	14.886748	111.160339	0.081340	0.033702	0.009192	11042.377912
2.000000	44.000000	95895774.000000	3.483425	2.050396	31.256193	858.224867	0.040982	0.254153	0.148525	10931.615905
2.000000	58.000000	56601116.000000	27.671456	1.281306	24.932775	1936.994714	0.305207	0.205237	0.142008	10967.151875
2.000000	96.000000	86878133.000000	1.526276	1.555403	24.896984	263.707960	0.026552	0.143891	0.052157	10909.545139
2.000000	97.000000	38274360.000000	42.641206	1.249048	21.203855	1881.403154	0.308264	0.208228	0.233422	10978.687791
2.000000	113.000000	110695759.000000	34.285007	1.186535	22.896152	1991.464801	0.322239	0.221167	0.147918	10965.226791
2.000000	88.000000	61888954.000000	26.759469	1.365156	22.889448	1671.461111	0.257985	0.456371	0.042908	10990.414727
2.000000	70.000000	87343454.000000	13.870727	1.143747	24.724612	184.579714	0.012828	0.003141	0.140565	10977.569036
2.000000	103.000000	96701043.000000	20.285529	1.509786	28.150801	1141.259889	0.117819	0.292617	0.109676	10976.632036
2.000000	102.000000	50539558.000000	0.000039	1.632212	27.985305	564.681785	0.068324	0.211235	0.026805	10929.131986
2.000000	76.000000	112230710.000000	19.775168	1.313676	24.120152	3124.965434	0.549090	0.137693	0.176181	10950.414076
2.000000	46.000000	71892164.000000	2.842812	1.342574	23.177475	143.631924	0.031808	0.041955	0.077267	10931.733812
2.000000	55.000000	109843723.000000	45.267521	1.309704	18.650189	695.273887	0.072320	0.323313	0.216772	11010.797700
2.000000	51.000000	70910590.000000	10.671734	1.232414	24.633372	172.788605	0.016068	0.039129	0.125591	10955.261883
2.000000	79.000000	72859866.000000	19.735411	2.121144	24.859697	718.220126	0.034255	0.252287	0.292682	10963.861281
2.000000	85.000000	50318122.000000	2.594257	1.589797	24.789739	247.691136	0.047783	0.056651	0.120437	10924.635099
2.000000	91.000000	69397683.000000	31.331982	1.499125	25.288179	959.750308	0.091601	0.246871	0.209090	10990.061713
2.000000	118.000000	33839293.000000	7.542687	1.507502	24.304607	306.206789	0.018707	0.184745	0.063578	10930.704713
2.000000	41.000000	109691843.000000	23.266204	1.356727	26.904931	1523.747301	0.207082	0.275667	0.096132	10976.650378
2.000000	49.000000	111623192.000000	48.706055	1.090234	19.731445	1353.250000	0.249799	0.226148	0.155285	10986.083911
2.000000	119.000000	75944630.000000	2.365499	1.478817	24.256330	174.963104	0.022636	0.079789	0.087848	10904.578808
2.000000	47.000000	94871366.000000	4.418609	1.605888	28.142274	1197.023310	0.159327	0.286006	0.023152	10957.476646
2.000000	105.000000	92387305.000000	0.007834	1.716720	29.119344	639.981656	0.070404	0.201006	0.055885	10919.164937
2.000000	109.000000	98005549.000000	0.983691	2.009181	32.496305	924.616757	0.059596	0.216912	0.152060	10924.479926
2.000000	71.000000	53155745.000000	3.898673	1.372603	18.072206	198.935832	0.106520	0.037551	0.053453	10998.196211
2.000000	107.000000	88372997.000000	35.973351	1.200062	22.447271	1670.605593	0.261453	0.272331	0.129407	10975.351646
2.000000	115.000000	121394788.000000	17.329223	1.499283	26.751330	1122.246764	0.113622	0.350029	0.053270	10976.651378
2.000000	94.000000	82508437.000000	18.911751	0.992111	21.148747	164.896088	0.003412	0.003096	0.154470	10978.355577
2.000000	81.000000	126949439.000000	0.004926	1.811268	25.713938	243.973184	0.010411	0.058140	0.175778	10907.624584
2.000000	111.000000	122421877.000000	39.362696	1.280719	20.303897	819.748686	0.084316	0.363836	0.141360	11001.324632
2.000000	74.000000	88809487.000000	7.526164	1.372938	24.863611	192.441481	0.019514	0.056339	0.121884	10934.381699
2.000000	59.000000	93493895.000000	12.342660	1.779452	31.651656	1237.542156	0.099543	0.249760	0.174803	10959.458361
2.000000	65.000000	110133070.000000	0.000160	1.771195	25.707547	1713.511791	0.420919	0.047057	0.159908	10981.644202
2.000000	67.000000	37802753.000000	48.620243	1.124341	15.478571	395.684134	0.091527	0.072626	0.151960	11089.501835
2.000000	63.000000	74460310.000000	1.184860	1.912716	31.474312	1011.328789	0.054738	0.280348	0.101607	10933.928075
2.000000	77.000000	115139426.000000	0.000107	1.859880	28.906526	430.664309	0.042526	0.109458	0.145127	10904.727444
2.000000	61.000000	121802526.000000	16.842382	1.378446	22.987792	319.174917	0.025551	0.137375	0.129033	10959.547370
2.000000	83.000000	32125874.000000	4.218529	1.665399	22.955709	188.344480	0.004806	0.049840	0.188466	10924.439718
2.000000	124.000000	74626629.000000	28.175179	1.391896	24.604476	1505.151843	0.201195	0.413902	0.085855	10991.488602
2.000000	136.000000	92135500.000000	19.679567	1.409943	22.842817	299.217787	0.030903	0.097141	0.175036	10988.560734
2.000000	87.000000	29568708.000000	0.002183	2.082070	28.555743	459.814094	0.041052	0.109368	0.192320	10912.307734
2.000000	89.000000	75075849.000000	3.544000	1.404011	23.079436	187.419042	0.034292	0.107298	0.049758	10918.469306
2.000000	53.000000	48640963.000000	11.132396	1.435557	23.917807	269.445668	0.013206	0.123569	0.127452	10932.248500
2.000000	43.000000	60256728.000000	6.470910	1.219228	22.098801	126.226007	0.025226	0.064573	0.059866	10930.707338
1.000000	29.000000	47339905.000000	41.478424	1.349097	23.498421	1042.925781	0.147552	0.193697	0.229659	10999.678172
1.000000	39.000000	48340982.000000	49.817197	1.444269	20.555413	1224.064667	0.198046	0.184337	0.335915	11013.914974
1.000000	36.000000	48040026.000000	0.723926	1.815864	26.381381	1677.917297	0.420716	0.033709	0.183927	10985.938078
1.000000	8.000000	45239650.000000	55.447383	1.147638	19.316003	1018.606186	0.192805	0.003618	0.265392	11043.312805
1.000000	32.000000	47639787.000000	21.990051	1.879156	18.571205	459.710938	0.001411	0.250468	0.324856	10939.460905
1.000000	35.000000	48518458.000000	5.467955	1.377887	24.654359	3847.474243	0.706694	0.115759	0.159067	10945.989264
1.000000	2.000000	44646358.000000	13.571005	1.620801	25.672302	3443.888184	0.577448	0.127656	0.284424	10964.316509
1.000000	7.000000	45141586.000000	0.102181	1.685425	24.460482	2434.157770	0.629524	0.001596	0.178460	10998.537216
1.000000	30.000000	47445407.000000	23.481789	1.585439	19.483843	455.940918	0.008760	0.264036	0.207430	10946.672115
1.000000	31.000000	48118678.000000	17.381973	2.057819	26.151485	668.945312	0.033395	0.212381	0.279734	10955.198994
1.000000	4.000000	44839644.000000	30.748826	1.264380	21.771746	2259.638489	0.488553	0.023136	0.164961	10996.004529
1.000000	19.000000	46346882.000000	65.800095	0.998944	14.096069	534.537109	0.121302	0.092279	0.208181	11049.266334
1.000000	12.000000	45645532.000000	26.383526	1.436420	26.333203	1854.864899	0.268125	0.230153	0.179710	10978.335434
1.000000	28.000000	47239687.000000	64.575629	0.836254	17.769564	2155.510712	0.435863	0.022308	0.203133	10995.354009
1.000000	37.000000	48139744.000000	21.971233	1.643330	26.787598	809.897217	0.061782	0.254231	0.179468	10971.524528
1.000000	27.000000	47145690.000000	12.105498	1.674796	28.656946	891.805687	0.121735	0.119985	0.162622	10981.523548
1.000000	38.000000	48240970.000000	61.144095	1.093209	14.962474	1115.141159	0.216037	0.381411	0.269950	11002.778312
1.000000	26.000000	47039771.000000	0.370374	2.017215	28.446231	441.654663	0.004479	0.116223	0.216358	10914.299373
1.000000	6.000000	45042396.000000	20.804570	1.452180	20.042745	311.549309	0.014256	0.189513	0.161654	10949.528730
1.000000	34.000000	47844758.000000	30.701180	1.868427	24.960670	1785.035156	0.317269	0.001000	0.429141	11033.455744
1.000000	1.000000	44539646.000000	29.277334	1.199203	23.202620	2536.704590	0.434520	0.194557	0.151277	10956.780804
1.000000	21.000000	46539681.000000	22.060566	1.382990	29.049230	1387.585165	0.195954	0.208330	0.123422	10982.206555
1.000000	40.000000	48439687.000000	7.426858	1.996130	31.441460	1095.865845	0.066569	0.321369	0.144725	10953.393520
1.000000	11.000000	45545398.000000	27.073749	1.381978	25.843902	1916.615845	0.269889	0.217623	0.185012	10975.724288
1.000000	17.000000	46141452.000000	18.556577	1.700572	26.905375	1034.448151	0.183878	0.070273	0.215631	11004.601857
1.000000	24.000000	46846360.000000	26.002936	1.479789	24.650483	526.672363	0.087836	0.019133	0.243746	11058.116232
1.000000	10.000000	45440566.000000	29.876733	0.800392	18.260651	5119.999817	0.999949	0.505890	0.032270	10954.044536
1.000000	33.000000	47744157.000000	0.027845	1.665236	27.982352	392.638428	0.033382	0.158057	0.068013	10904.150231
1.000000	3.000000	44744852.000000	13.303165	1.692618	27.061336	581.643341	0.071064	0.197334	0.113049	10968.479773
1.000000	9.000000	45339644.000000	4.669676	1.279906	26.423454	174.997559	0.029491	0.015417	0.096000	10941.385223
1.000000	5.000000	45517886.000000	41.105490	1.304134	18.194144	321.629272	0.047992	0.088657	0.258809	11063.686961
1.000000	22.000000	46646361.000000	0.721893	1.751343	29.416046	423.945312	0.047668	0.104284	0.133151	10913.598379
1.000000	18.000000	46247178.000000	0.357649	1.764205	29.034629	1883.279541	0.245802	0.403661	0.028564	10972.768179
1.000000	20.000000	46444283.000000	3.156973	1.470744	24.115146	306.282539	0.062932	0.136006	0.037947	10931.828139
1.000000	13.000000	45739842.000000	27.362714	1.224479	24.324141	1632.209656	0.259243	0.276032	0.070792	10977.919582
1.000000	23.000000	46739722.000000	11.615041	1.363700	24.231586	309.004578	0.033389	0.149180	0.072094	10946.600868
1.000000	25.000000	46940454.000000	4.684331	1.256955	19.156799	163.825928	0.087862	0.002196	0.054384	11013.269618
1.000000	16.000000	46618442.000000	41.259556	1.028366	19.458609	1755.821777	0.334590	0.385258	0.050602	10982.381628
1.000000	14.000000	46418468.000000	32.232914	1.278514	21.365044	488.480835	0.093884	0.009165	0.189674	11075.053939
1.000000	15.000000	45945400.000000	16.435019	1.209584	14.410517	249.546875	0.138786	0.021493	0.034938	11091.034807
1.000000	118.000000	94952696.000000	13.727752	1.639471	22.905490	401.320656	0.077993	0.106233	0.140024	10970.266245
1.000000	110.000000	65996222.000000	43.543489	1.485728	20.040915	663.296265	0.086161	0.177349	0.285900	11037.142644
1.000000	78.000000	117797142.000000	0.846906	2.045036	29.173617	1264.892090	0.227082	0.075603	0.223695	10959.875121
1.000000	48.000000	112891409.000000	30.995665	1.503993	26.962852	1222.792969	0.158057	0.195352	0.222641	10992.255334
1.000000	104.000000	40971433.000000	0.000057	1.961246	33.693914	1312.692383	0.179345	0.099208	0.222081	10960.976337
1.000000	56.000000	20813818.000000	35.297413	1.467279	24.669943	1269.342285	0.212328	0.087447	0.251071	11006.252917
1.000000	112.000000	23057470.000000	18.833579	1.454671	23.453756	354.983521	0.048538	0.117660	0.149974	10984.767120
1.000000	94.000000	43285339.000000	70.000000	0.962781	13.306925	492.027805	0.115551	0.090712	0.226763	11050.994614
1.000000	96.000000	21653489.000000	9.044498	1.673837	33.537127	1433.054016	0.154443	0.192986	0.168727	10970.519457
1.000000	98.000000	92240859.000000	11.901898	1.372607	26.316860	2373.674316	0.360608	0.286216	0.068856	10964.591486
1.000000	92.000000	69836818.000000	29.232826	1.545941	26.935966	1021.424408	0.107283	0.227916	0.212830	10986.118887
1.000000	54.000000	89862143.000000	14.756311	1.340838	25.524886	2698.822052	0.456445	0.290065	0.083731	10957.906026
1.000000	62.000000	47188097.000000	0.000014	2.077483	30.875242	569.467896	0.042317	0.134556	0.187734	10910.562150
1.000000	44.000000	78919331.000000	2.327316	1.562810	27.105328	3037.394180	0.449147	0.331712	0.096310	10960.841133
1.000000	102.000000	115424525.000000	36.704604	1.222724	24.068795	1268.467626	0.193858	0.241246	0.133951	10988.498424
1.000000	52.000000	76213632.000000	28.435078	1.905533	27.781429	1002.214355	0.090717	0.194842	0.352954	10999.165736
1.000000	100.000000	102894391.000000	45.634174	1.028198	20.082538	1595.166138	0.292813	0.267385	0.115878	10976.202422
1.000000	74.000000	55231814.000000	0.019047	1.894353	30.598533	676.953613	0.089779	0.085328	0.184572	10937.993898
1.000000	46.000000	27804565.000000	26.537211	1.732906	21.112552	672.338501	0.024682	0.404075	0.184365	10969.884449
1.000000	66.000000	36861178.000000	39.689026	1.603365	22.406473	2166.853027	0.402992	0.015236	0.394043	11017.048936
1.000000	58.000000	59309590.000000	52.942956	1.245234	17.853222	1366.452919	0.236835	0.363895	0.261406	10993.408340
1.000000	50.000000	66026934.000000	69.999999	0.877124	15.290835	1021.793762	0.230615	0.101417	0.208340	11012.948721
1.000000	64.000000	17467542.000000	17.366018	0.936530	25.395470	173.451622	0.035565	0.001000	0.069432	11032.680396
1.000000	80.000000	26275518.000000	7.343559	1.632709	25.170021	1819.119141	0.445981	0.017521	0.167683	11005.800717
1.000000	108.000000	105089784.000000	1.052320	2.030226	30.766227	885.184814	0.034839	0.296332	0.108567	10931.581787
1.000000	86.000000	56074784.000000	2.383270	2.230788	29.462956	497.546783	0.021190	0.130572	0.244868	10926.271350
1.000000	84.000000	82469995.000000	10.923042	1.504705	30.347973	1898.544617	0.275252	0.187871	0.132283	10966.431439
1.000000	60.000000	86204813.000000	18.804912	1.658035	22.908859	876.453186	0.056551	0.516672	0.028434	10989.530520
1.000000	116.000000	56163262.000000	21.972951	1.163323	20.721350	304.245377	0.077267	0.001020	0.115745	11070.368731
1.000000	114.000000	39268819.000000	11.599045	1.075354	26.756439	171.029297	0.024257	0.001696	0.089563	10981.440538
1.000000	70.000000	23945416.000000	42.520612	1.450461	20.159209	790.864044	0.076964	0.307056	0.258299	11010.056470
1.000000	82.000000	116848134.000000	0.000229	1.586731	27.149506	282.660156	0.033593	0.122257	0.068920	10913.965826
1.000000	42.000000	107868725.000000	32.395536	1.238460	19.561390	805.593353	0.098548	0.444862	0.010148	11008.534229
1.000000	72.000000	108402759.000000	27.266064	1.251076	23.934679	1959.666016	0.312973	0.267517	0.101759	10967.913067
1.000000	106.000000	29006331.000000	28.688965	1.012052	11.483693	205.584106	0.110464	0.016913	0.019254	11125.031388
1.000000	120.000000	28817874.000000	28.256052	1.267722	21.234932	782.441208	0.090862	0.382064	0.017896	11005.956225
1.000000	90.000000	100123662.000000	0.480366	1.959195	26.906409	1198.582642	0.142295	0.423954	0.005996	10969.714732
1.000000	88.000000	66198188.000000	19.499609	1.023465	11.757464	163.690063	0.105773	0.016102	0.007169	11089.583845
1.000000	68.000000	89844010.000000	2.314597	1.664533	25.202963	406.160179	0.068385	0.168059	0.050773	10927.454576
1.000000	76.000000	102513921.000000	25.003567	1.259622	20.173912	425.254395	0.116878	0.008081	0.121807	11078.118196
1.000000	117.000000	27210613.000000	21.384687	1.878859	26.439810	2531.095703	0.364255	0.125984	0.406612	10991.887572
1.000000	77.000000	70485979.000000	27.381485	1.384862	26.255076	1876.008667	0.273750	0.167663	0.203900	10975.737015
1.000000	109.000000	66121764.000000	9.097896	1.858708	26.635675	536.214478	0.101695	0.006692	0.254320	11011.593178
1.000000	97.000000	39031077.000000	41.248484	1.208543	21.804841	1539.600433	0.250135	0.259356	0.169965	10983.501152
1.000000	47.000000	77559427.000000	21.466071	1.438759	16.836432	323.191284	0.001181	0.236989	0.192290	10927.426346
1.000000	45.000000	103502046.000000	8.437466	1.727941	29.150482	2646.820648	0.400376	0.153295	0.241729	10970.447528
1.000000	103.000000	109054297.000000	0.000014	1.663147	33.419309	1721.750610	0.257304	0.176847	0.114734	10962.892742
1.000000	95.000000	33683716.000000	1.446819	1.738975	25.879700	253.012695	0.021951	0.038843	0.180189	10920.219387
1.000000	93.000000	24565116.000000	21.677284	1.358767	18.659091	307.478882	0.011837	0.205142	0.138952	10946.446695
1.000000	61.000000	85343295.000000	0.000004	1.789171	26.181155	1187.570374	0.274623	0.056672	0.153189	10972.096941
1.000000	53.000000	68544085.000000	23.726320	1.441111	21.574996	270.546875	0.021449	0.013571	0.319055	11032.632952
1.000000	111.000000	120549233.000000	7.163186	1.812884	26.339557	320.274048	0.013756	0.078488	0.230638	10941.123835
1.000000	91.000000	46512569.000000	1.324135	1.739680	26.304697	252.317139	0.019789	0.039186	0.181976	10921.041644
1.000000	85.000000	100272355.000000	0.000004	1.961749	28.566448	585.609253	0.075282	0.143912	0.136162	10907.264055
1.000000	101.000000	103342690.000000	22.308231	1.505524	21.499489	470.500343	0.093383	0.071728	0.158093	11018.281227
1.000000	115.000000	112545657.000000	4.009445	2.195929	29.414227	724.843628	0.087391	0.110604	0.248470	10937.965125
1.000000	57.000000	38201066.000000	18.507321	1.423357	19.255683	289.260254	0.004729	0.179143	0.173552	10931.785485
1.000000	43.000000	92930730.000000	32.133442	1.321206	16.229421	252.018921	0.042943	0.132456	0.170695	11030.564393
1.000000	79.000000	94724531.000000	12.075834	1.352211	22.372894	233.475586	0.012096	0.134065	0.106960	10933.829605
1.000000	55.000000	107685966.000000	24.321470	0.915468	23.860912	194.562012	0.024695	0.005310	0.127562	11045.614136
1.000000	63.000000	91318701.000000	0.336514	1.818245	27.060986	461.228516	0.064661	0.152668	0.092138	10906.401142
1.000000	113.000000	33486045.000000	24.809139	1.602774	28.878400	1252.770264	0.142776	0.185345	0.227867	10987.122180
1.000000	73.000000	59230899.000000	18.682222	1.024902	24.050102	186.136719	0.012557	0.002865	0.143530	10995.086056
1.000000	107.000000	101718588.000000	0.076695	1.805457	28.303376	387.043854	0.051650	0.051677	0.176058	10928.357185
1.000000	49.000000	74617325.000000	21.953058	1.306302	16.612465	376.701294	0.002157	0.316880	0.095737	10944.066519
1.000000	65.000000	20446585.000000	31.192716	1.269561	23.886138	1281.915497	0.173573	0.292406	0.096615	10987.700099
1.000000	99.000000	56113045.000000	10.862854	1.160771	22.854097	152.845703	0.027496	0.082471	0.063085	10963.258505
1.000000	81.000000	40590965.000000	8.227015	2.048854	30.812473	887.739746	0.050849	0.216222	0.212483	10937.892220
1.000000	87.000000	27514104.000000	58.914392	1.103191	16.459491	1132.433838	0.214735	0.326008	0.250529	11000.139526
1.000000	51.000000	23880850.000000	0.000057	1.648734	28.092651	1000.317383	0.118005	0.288068	0.008088	10946.952768
1.000000	59.000000	91657036.000000	0.010881	1.653695	28.843740	500.181076	0.052641	0.148898	0.075140	10915.687657
1.000000	71.000000	53026936.000000	13.127035	1.680429	31.266151	1074.938904	0.107452	0.237862	0.139622	10961.380523
1.000000	105.000000	95888224.000000	9.786987	1.921669	30.312395	1005.105957	0.134559	0.131757	0.209347	10970.166900
1.000000	119.000000	101990679.000000	27.757047	1.599520	23.761377	656.643402	0.112384	0.096927	0.215404	11023.809821
1.000000	83.000000	83147378.000000	48.470492	0.854362	18.124516	1997.508057	0.386134	0.270898	0.080819	10971.252259
1.000000	89.000000	23675258.000000	21.947946	1.543534	24.295072	1179.908783	0.240394	0.050562	0.180390	11018.121395
1.000000	75.000000	83260717.000000	22.411028	1.517630	20.504599	343.521269	0.047959	0.129878	0.164816	10983.024247
1.000000	67.000000	55536704.000000	51.863557	0.930892	18.727322	2576.278526	0.511846	0.136287	0.178329	10967.041269
1.000000	69.000000	21771081.000000	34.106426	0.828072	18.098564	170.427734	0.022175	0.036571	0.145589	11077.283956
1.000000	122.000000	79206194.000000	42.498522	1.007281	16.967831	4957.217773	0.923019	0.449894	0.335501	10963.358435
1.000000	41.000000	47027141.000000	22.011402	1.203324	20.871713	306.902313	0.082021	0.016960	0.111313	11068.475773
1.000000	121.000000	84314886.000000	22.846314	1.282255	25.432189	2411.700073	0.417577	0.141653	0.152255	10963.255770
1.000000	132.000000	39711411.000000	15.846291	1.705050	30.446277	1088.478760	0.088558	0.259896	0.160227	10963.383771
1.000000	144.000000	42709082.000000	2.355132	1.807900	31.868768	1000.154976	0.084617	0.261031	0.083225	10933.593862
1.000000	149.000000	48476441.000000	5.712909	1.561107	26.241421	377.235619	0.034488	0.179492	0.062067	10924.805559
1.000000	136.000000	25582451.000000	1.389447	1.661355	25.939281	231.640991	0.017957	0.065853	0.141014	10904.174661
1.000000	126.000000	58052380.000000	2.387443	1.504205	25.711101	233.138062	0.030973	0.071676	0.101067	10914.817129
1.000000	134.000000	111888107.000000	27.383428	1.509399	26.019045	967.417418	0.088509	0.267917	0.173627	10982.264632
1.000000	125.000000	67543035.000000	16.999018	1.388080	20.243556	304.243774	0.005869	0.155757	0.155987	10939.471720
1.000000	130.000000	95476372.000000	14.952155	1.585637	18.621523	1308.602570	0.482779	0.025300	0.107702	11037.244879
1.000000	123.000000	67541328.000000	27.398157	1.309033	15.443497	345.677246	0.002642	0.290792	0.174823	10941.605557
1.000000	156.000000	71072471.000000	20.069928	1.561161	26.603386	555.528778	0.087056	0.040231	0.220579	11031.401157
1.000000	124.000000	87502890.000000	9.219212	2.064925	35.196181	1479.923981	0.163285	0.135558	0.325293	10989.983253
1.000000	131.000000	117426751.000000	3.774934	1.380973	22.524850	163.649048	0.051680	0.067150	0.065595	10946.114848
1.000000	128.000000	64382891.000000	16.377904	1.353426	22.402501	253.633911	0.028957	0.134350	0.113789	10964.730970
1.000000	127.000000	69748787.000000	0.000057	2.164651	33.597584	1192.485840	0.131606	0.137473	0.236204	10943.073175
1.000000	133.000000	99034624.000000	0.320120	1.911375	27.907133	471.793457	0.054189	0.120972	0.140394	10904.257084
1.000000	150.000000	64760453.000000	32.607572	1.273657	24.264279	1361.361588	0.191874	0.248635	0.127369	10985.847592
1.000000	143.000000	98457204.000000	51.465721	1.517854	18.850797	1556.247650	0.259312	0.308089	0.391519	10998.457893
1.000000	154.000000	87863919.000000	0.000229	1.821637	28.518028	510.775391	0.081790	0.021357	0.198189	10962.308512
1.000000	135.000000	99553938.000000	0.739660	1.846643	26.905107	444.624023	0.063597	0.124216	0.122619	10906.593065
1.000000	137.000000	49050462.000000	0.000229	1.680426	28.621368	400.279297	0.073872	0.001497	0.170989	10968.829564
1.000000	151.000000	41476180.000000	19.134621	1.474872	20.998608	295.479115	0.034283	0.159548	0.130816	10957.820945
1.000000	146.000000	68067864.000000	7.604399	1.872990	28.556881	575.966309	0.039744	0.184170	0.154810	10925.034417
1.000000	155.000000	50680545.000000	15.353944	1.303392	22.542691	296.361938	0.056661	0.104566	0.081728	10986.628524
1.000000	145.000000	101643507.000000	37.498997	1.088239	21.492600	1932.617065	0.343343	0.261103	0.101507	10967.292726
1.000000	138.000000	44828005.000000	26.192536	1.297572	22.030196	1268.068665	0.219020	0.358324	0.007740	10991.346816
1.000000	157.000000	107734189.000000	0.000014	1.855213	27.865176	336.632446	0.027599	0.074239	0.172531	10911.640674
1.000000	160.000000	73127772.000000	40.237371	1.213484	19.143665	780.459747	0.084339	0.414984	0.100422	11012.223690
1.000000	148.000000	96418565.000000	45.022459	1.279410	21.542234	1481.970703	0.296484	0.023447	0.242958	11017.465313
1.000000	153.000000	30864837.000000	17.266724	1.497353	22.992485	1750.859741	0.460412	0.026547	0.142009	11012.751144
1.000000	129.000000	55508385.000000	21.454575	1.288038	24.651902	1953.306885	0.337005	0.271205	0.060024	10970.800937
1.000000	158.000000	120815005.000000	4.713964	1.240414	22.946472	133.841797	0.034643	0.040983	0.064864	10936.030927
1.000000	142.000000	64567456.000000	6.832416	1.023186	19.983394	63.321892	0.014456	0.045718	0.034988	10927.520012
1.000000	147.000000	104824585.000000	1.969711	1.726810	26.198457	410.570160	0.067401	0.116238	0.105254	10909.380770
1.000000	140.000000	35684998.000000	16.833086	1.421010	25.118418	327.237305	0.037829	0.006154	0.226432	11014.737811
1.000000	152.000000	103384417.000000	22.710857	1.427724	27.753692	1777.984741	0.272651	0.173047	0.166972	10974.479012
1.000000	141.000000	119311663.000000	0.291544	1.762371	26.827648	294.659576	0.022271	0.103922	0.124474	10898.313444
1.000000	159.000000	40716782.000000	0.030205	1.641129	26.577730	345.733643	0.042847	0.138093	0.066431	10905.325675
1.000000	139.000000	79525118.000000	38.758895	0.956463	19.271851	1966.275940	0.409122	0.301371	0.017617	10978.592568
1.000000	30.000000	78365015.000000	9.160958	1.658424	22.803035	1618.619423	0.457232	0.017728	0.154700	11011.393258
1.000000	36.000000	78967918.000000	12.507560	1.699164	24.033476	1349.307251	0.330719	0.001753	0.194917	11016.890408
1.000000	17.000000	77056929.000000	54.744313	1.809786	17.339906	1603.083862	0.285133	0.407820	0.538148	10998.674964
1.000000	35.000000	78868374.000000	41.292139	1.487790	23.524783	1630.677177	0.283360	0.005881	0.363996	11030.080395
1.000000	31.000000	78467576.000000	0.031375	1.977035	29.019061	432.447781	0.036567	0.098314	0.181422	10909.342429
1.000000	15.000000	76856822.000000	4.837316	1.715353	33.543462	1956.539371	0.245261	0.183887	0.189440	10968.762982
1.000000	28.000000	78734656.000000	16.367117	1.550290	20.153372	330.298964	0.002986	0.166969	0.208333	10926.834223
1.000000	33.000000	78667644.000000	38.396365	1.539284	22.961376	873.004975	0.150643	0.042356	0.293690	11041.409229
1.000000	14.000000	76756825.000000	32.010272	1.714235	27.131926	1391.611097	0.174803	0.170611	0.333622	11006.362290
1.000000	3.000000	75659576.000000	13.249841	1.820996	25.162070	734.492741	0.030507	0.381653	0.085826	10961.513003
1.000000	26.000000	77966652.000000	45.108513	1.247545	20.657071	1435.273867	0.296674	0.004441	0.223017	11018.972599
1.000000	6.000000	75960259.000000	34.498073	1.407321	24.285821	1029.527385	0.114739	0.264184	0.188141	10991.442793
1.000000	9.000000	76267547.000000	6.228860	1.594744	25.108515	397.780025	0.004724	0.182962	0.109397	10916.497836
1.000000	23.000000	77659546.000000	3.388447	1.437231	24.187326	189.653030	0.026003	0.086679	0.077728	10910.394136
1.000000	25.000000	77867859.000000	1.768151	1.560851	31.787397	2199.955033	0.302417	0.225557	0.106569	10960.490370
1.000000	19.000000	77256783.000000	44.533618	1.222449	8.564508	314.237112	0.003056	0.888744	0.123155	10994.790697
1.000000	22.000000	77559015.000000	7.864400	2.053367	28.379958	2972.356386	0.472003	0.089553	0.400739	10985.622104
1.000000	20.000000	77367927.000000	10.779670	1.317042	22.656617	255.375150	0.018145	0.160467	0.062105	10938.512222
1.000000	29.000000	78266138.000000	34.037014	1.439264	22.959010	697.930045	0.120414	0.081936	0.206474	11033.289164
1.000000	21.000000	77457307.000000	27.335656	1.185928	23.071902	2486.327039	0.434227	0.235569	0.112290	10957.754897
1.000000	7.000000	76056937.000000	0.514667	1.915391	26.652499	299.233635	0.015590	0.070348	0.192880	10911.505298
1.000000	1.000000	75466523.000000	1.255945	1.803165	25.746475	263.864245	0.021832	0.050434	0.182510	10915.953898
1.000000	2.000000	75556939.000000	0.005007	1.773308	20.713643	1043.068095	0.393228	0.058405	0.106392	10981.192467
1.000000	40.000000	79356758.000000	21.415848	1.276577	24.747243	1481.161153	0.269370	0.248157	0.034793	10990.412487
1.000000	32.000000	78567625.000000	3.084839	1.450275	22.923877	137.969979	0.012307	0.053652	0.108587	10906.869626
1.000000	18.000000	77158874.000000	35.950391	1.373978	18.022173	327.988190	0.050822	0.109319	0.222838	11038.864501
1.000000	4.000000	75757059.000000	20.481390	1.384291	17.285158	309.519419	0.001236	0.200851	0.192052	10923.579671
1.000000	13.000000	76665712.000000	11.247246	1.512260	23.151235	425.648654	0.003868	0.228304	0.105034	10923.365758
1.000000	12.000000	76557344.000000	44.473829	0.998198	20.004548	2090.293526	0.426223	0.140410	0.117987	10972.371113
1.000000	8.000000	76156745.000000	36.246835	1.219200	19.870078	1240.489604	0.201928	0.485276	0.024636	11002.905266
1.000000	5.000000	75859712.000000	30.888145	1.275509	25.354016	1238.187032	0.158283	0.263388	0.120397	10989.479130
1.000000	100.000000	60900465.000000	32.835259	1.314744	24.739657	1687.398982	0.281305	0.143081	0.186011	10980.841293
1.000000	34.000000	78763204.000000	36.934375	1.265806	23.441627	1457.461920	0.249712	0.126837	0.178120	10990.075568
1.000000	11.000000	76463249.000000	36.726880	1.206609	22.150586	2301.806331	0.423265	0.159346	0.180252	10968.590863
1.000000	27.000000	78068701.000000	49.994768	0.844256	17.175961	1566.673932	0.353662	0.345769	0.014901	10993.319295
1.000000	37.000000	79056895.000000	19.753385	1.587926	29.922498	1200.584406	0.124347	0.233906	0.167256	10976.820876
1.000000	110.000000	56707116.000000	9.482946	2.210505	28.662676	671.327088	0.038815	0.186340	0.255209	10943.053668
1.000000	38.000000	79735442.000000	13.364149	1.256211	21.875150	202.958108	0.004626	0.073049	0.160782	10949.270348
1.000000	16.000000	76958988.000000	45.106250	1.046118	17.418567	779.008587	0.128765	0.395767	0.044749	11030.602895
1.000000	10.000000	76363063.000000	1.608124	1.477659	22.502898	141.728277	0.012831	0.077919	0.083361	10899.253090
1.000000	74.000000	44348317.000000	26.252395	1.078074	21.435982	302.827975	0.066803	0.010153	0.114879	11078.555674
1.000000	106.000000	90569465.000000	32.841991	1.327775	21.226319	777.822446	0.064022	0.388780	0.104502	11002.111246
1.000000	39.000000	79256761.000000	26.385319	1.154814	20.826556	356.694475	0.083692	0.005986	0.123553	11077.183186
1.000000	90.000000	59147712.000000	35.851104	1.445758	19.786844	2654.281391	0.436012	0.654923	0.183312	10979.971138
1.000000	96.000000	30078864.000000	25.100535	1.514936	24.330880	1283.262273	0.257188	0.045138	0.195967	11016.061140
1.000000	70.000000	110398456.000000	18.038110	1.556340	26.047250	1582.295739	0.319903	0.047463	0.188758	11002.898603
1.000000	84.000000	47004969.000000	0.000478	1.978275	30.085719	580.316466	0.049147	0.149094	0.146785	10904.023514
1.000000	24.000000	77768222.000000	4.577446	1.248186	13.282252	122.537998	0.108285	0.063397	0.004697	11021.347301
1.000000	68.000000	30515978.000000	0.000000	1.692918	27.935102	524.719498	0.041684	0.215408	0.040151	10919.124912
1.000000	92.000000	105416822.000000	20.990733	1.435132	22.762866	291.824585	0.023960	0.011251	0.283672	11021.538250
1.000000	58.000000	95005706.000000	50.034087	0.902601	8.863435	135.476013	0.047004	0.097889	0.078084	11113.795925
1.000000	98.000000	102837017.000000	52.725447	1.585104	17.180799	1952.752880	0.339835	0.475794	0.478500	10989.059512
1.000000	86.000000	110408385.000000	0.000178	1.862883	25.907241	258.646032	0.006521	0.077156	0.177537	10905.316701
1.000000	78.000000	98208510.000000	43.243717	1.146934	16.121496	612.193805	0.064893	0.534971	0.064263	11035.577687
1.000000	112.000000	34175994.000000	1.482105	1.682790	26.596891	311.696473	0.040083	0.067185	0.137720	10917.991365
1.000000	80.000000	65513735.000000	39.003160	1.278027	22.161589	1116.437317	0.149034	0.316731	0.145575	10994.402887
1.000000	46.000000	45455775.000000	0.014404	1.899921	28.449600	512.019626	0.059182	0.129525	0.134488	10901.576341
1.000000	48.000000	35736626.000000	11.467595	1.558007	26.932511	2241.107007	0.414982	0.084891	0.184149	10980.551742
1.000000	56.000000	17120768.000000	32.180138	1.275658	23.891370	1387.620927	0.200588	0.314948	0.103116	10987.767221
1.000000	52.000000	84035509.000000	5.163060	1.963440	28.833132	1045.320313	0.053327	0.383787	0.079227	10954.157849
1.000000	66.000000	65971895.000000	42.403352	1.203600	20.186475	2423.804169	0.427382	0.261169	0.222763	10968.606218
1.000000	42.000000	89021198.000000	55.691351	1.260214	15.510569	637.388108	0.097483	0.296678	0.258364	11025.516472
1.000000	102.000000	112784761.000000	36.718265	1.145727	21.535025	1010.352277	0.151733	0.304849	0.064969	11006.613832
1.000000	60.000000	90103857.000000	33.966329	1.483241	23.900513	2106.975797	0.328195	0.173913	0.290170	10981.463759
1.000000	99.000000	72932864.000000	38.399935	1.212617	23.449638	1428.163330	0.227688	0.187502	0.164927	10983.123245
1.000000	54.000000	23117318.000000	48.403494	0.939628	18.206760	1537.519044	0.290827	0.327409	0.082601	10984.374073
1.000000	76.000000	114544795.000000	28.628851	1.574718	19.518769	365.572792	0.036579	0.162962	0.233813	11001.364414
1.000000	104.000000	116692763.000000	2.187116	1.435902	22.423003	127.778748	0.013707	0.038419	0.105265	10904.541160
1.000000	62.000000	20691621.000000	3.044025	1.945309	35.921265	1658.342387	0.157612	0.202648	0.223471	10962.669089
1.000000	105.000000	108656857.000000	44.095350	1.697514	22.486287	2155.075975	0.353882	0.013377	0.537404	11020.259437
1.000000	114.000000	61980445.000000	35.587742	1.365854	21.917475	795.191464	0.067599	0.336892	0.160428	10998.560533
1.000000	50.000000	45978923.000000	37.408723	1.282667	18.773661	680.242601	0.054123	0.471378	0.098049	11012.541247
1.000000	94.000000	77198289.000000	0.320752	1.869607	27.567790	370.274739	0.044387	0.046812	0.195100	10926.979785
1.000000	72.000000	70439635.000000	59.824509	1.065215	18.458229	1011.079771	0.226969	0.011844	0.224565	11036.809826
1.000000	82.000000	23325418.000000	0.004380	1.597510	26.360257	474.606370	0.051300	0.206777	0.019469	10927.677126
1.000000	108.000000	74686359.000000	38.957374	1.254678	19.599304	661.496899	0.057831	0.367560	0.140952	11015.032930
1.000000	95.000000	68375806.000000	42.519751	1.148067	20.877195	1015.133636	0.149566	0.291765	0.121668	10999.956755
1.000000	64.000000	66036961.000000	0.179446	1.782761	30.521749	564.498136	0.082386	0.064977	0.167530	10945.725894
1.000000	120.000000	27912439.000000	15.272164	1.386984	26.349776	2339.232563	0.375077	0.268344	0.092783	10959.793060
1.000000	83.000000	75238260.000000	24.589443	1.322719	25.665237	2004.762783	0.346777	0.156763	0.149025	10970.610340
1.000000	73.000000	111991270.000000	0.001173	1.971918	29.482419	497.591906	0.049661	0.109181	0.172590	10908.568696
1.000000	116.000000	69398594.000000	3.788878	1.250420	25.268325	148.055404	0.029985	0.013944	0.080656	10935.499800
1.000000	88.000000	97073698.000000	0.000000	1.723330	34.592364	1525.789198	0.189024	0.181959	0.130912	10953.009683
1.000000	69.000000	69018586.000000	36.312372	1.381430	19.520881	1252.912647	0.167045	0.684084	0.047302	11019.365028
1.000000	44.000000	107865798.000000	55.146976	0.931169	13.961252	370.171116	0.108531	0.001149	0.116841	11144.315551
1.000000	109.000000	116440626.000000	15.190566	1.430373	23.910492	314.344111	0.035984	0.133767	0.115029	10955.359116
1.000000	57.000000	71968099.000000	23.796473	1.328703	25.484077	1992.199999	0.293703	0.305955	0.105562	10970.923642
1.000000	65.000000	23774344.000000	0.000000	1.799956	28.567307	531.839090	0.059291	0.161616	0.092949	10902.773276
1.000000	55.000000	29802727.000000	0.000001	1.735289	34.465873	1828.039291	0.210607	0.215755	0.137861	10955.626237
1.000000	67.000000	24946968.000000	0.000004	2.061259	29.394368	468.630501	0.040030	0.097834	0.203316	10913.559319
1.000000	59.000000	102481292.000000	2.933390	1.927634	35.664531	1300.947728	0.112447	0.177735	0.208309	10951.266283
1.000000	77.000000	48886577.000000	44.575375	1.286390	20.574319	1821.207843	0.299359	0.314989	0.244503	10981.770729
1.000000	85.000000	75143706.000000	46.090483	1.324446	20.172466	702.628162	0.127398	0.057060	0.244723	11047.859425
1.000000	75.000000	86870940.000000	25.107246	1.564695	26.089584	2182.007180	0.358577	0.129799	0.263129	10980.842106
1.000000	118.000000	78416174.000000	18.087864	1.069660	15.061466	192.664301	0.102236	0.015310	0.026888	11087.141577
1.000000	45.000000	49891994.000000	34.278938	1.221687	22.364211	2450.185261	0.402810	0.256073	0.179361	10964.942875
1.000000	47.000000	95347924.000000	0.001085	1.952463	30.716702	664.221902	0.068689	0.117506	0.172719	10916.296942
1.000000	103.000000	63351975.000000	0.001549	1.840068	27.621512	491.978343	0.070544	0.121064	0.121518	10905.607330
1.000000	41.000000	41622243.000000	49.167565	1.167718	20.313626	1604.751325	0.323554	0.024881	0.227985	11009.605209
1.000000	101.000000	98487193.000000	31.485062	1.455001	26.069267	1154.824734	0.132413	0.245672	0.192684	10988.118311
1.000000	49.000000	79604850.000000	0.038710	1.563448	29.522352	2896.816673	0.466004	0.153175	0.164637	10951.875529
1.000000	63.000000	77501893.000000	23.792088	1.335952	26.976287	1851.397583	0.319797	0.205749	0.123487	10977.409211
1.000000	127.000000	47141258.000000	13.498587	1.519011	29.131554	2040.393864	0.280817	0.251277	0.133408	10968.879242
1.000000	91.000000	68883634.000000	17.062981	1.337655	24.649400	278.216097	0.034746	0.001252	0.206701	11014.105140
1.000000	51.000000	38672833.000000	15.981646	1.996173	29.323421	1100.018481	0.059252	0.328221	0.218558	10967.322277
1.000000	53.000000	81675320.000000	6.350112	1.376100	25.292169	217.297420	0.031650	0.043129	0.113753	10942.894860
1.000000	111.000000	107962684.000000	15.366704	1.435194	19.498889	263.651305	0.002142	0.133389	0.194863	10925.657120
1.000000	128.000000	98825642.000000	0.000102	1.911773	30.285324	648.929324	0.067198	0.166372	0.121834	10905.506669
1.000000	121.000000	94771502.000000	16.803245	1.049265	23.398541	166.822290	0.011831	0.026763	0.132378	10980.230587
1.000000	113.000000	64575672.000000	1.236840	1.540987	24.388110	215.586952	0.023563	0.115617	0.066383	10903.173836
1.000000	123.000000	67190954.000000	18.925378	1.682150	22.271287	428.441497	0.015648	0.195772	0.207916	10944.310408
1.000000	89.000000	22017070.000000	16.789517	1.192695	21.669405	229.427799	0.059790	0.070547	0.074525	11028.120972
1.000000	119.000000	105096773.000000	2.480622	1.746800	26.248259	624.396942	0.019250	0.326785	0.022597	10946.434955
1.000000	133.000000	71790648.000000	64.997020	1.089445	11.908028	391.210743	0.080657	0.191004	0.248867	11055.332527
1.000000	93.000000	26321672.000000	39.538048	1.155689	17.992958	910.252945	0.138946	0.485136	0.017868	11018.103563
1.000000	107.000000	81716830.000000	0.768407	1.702483	23.764375	223.337959	0.006553	0.008135	0.196816	10911.998700
1.000000	81.000000	60802474.000000	0.005146	1.912683	28.069133	375.659656	0.013601	0.132012	0.146621	10903.646735
1.000000	137.000000	44352263.000000	32.871998	1.260989	22.302367	772.565557	0.079505	0.369748	0.074454	11008.544954
1.000000	79.000000	96212274.000000	0.020110	1.666472	27.437138	865.506641	0.104618	0.285890	0.002140	10940.298395
1.000000	61.000000	73189542.000000	34.160597	1.331483	23.863788	1372.597775	0.265629	0.049360	0.191407	11014.848864
1.000000	43.000000	61653101.000000	0.244550	1.749587	27.340807	337.471271	0.033618	0.098762	0.124514	10904.373476
1.000000	71.000000	52611450.000000	31.294501	1.250343	21.240485	966.883002	0.129619	0.396411	0.026665	11003.974295
1.000000	146.000000	65597296.000000	69.992835	0.913710	15.345178	819.748601	0.183984	0.058637	0.219143	11031.827091
1.000000	97.000000	117097516.000000	0.290405	1.473486	27.734234	235.219020	0.039517	0.001004	0.119778	10950.339920
1.000000	115.000000	85793894.000000	0.585938	1.439355	29.519653	271.093750	0.057853	0.001006	0.110315	10983.831662
1.000000	158.000000	43563476.000000	21.982279	1.387117	24.381254	1902.348974	0.398666	0.080343	0.142022	10992.909430
1.000000	129.000000	90605867.000000	0.000000	2.078867	33.864157	1092.750965	0.073581	0.233466	0.165362	10928.701746
1.000000	148.000000	86312223.000000	36.299646	1.105527	18.996957	1318.411638	0.253806	0.382093	0.002431	10999.163211
1.000000	141.000000	59793391.000000	1.693400	1.782772	23.893415	5089.368835	0.890321	0.001455	0.408644	10976.519512
1.000000	134.000000	62795796.000000	62.617834	1.166434	18.507632	1336.021676	0.242173	0.001706	0.370687	11036.132759
1.000000	126.000000	109942339.000000	0.042848	2.044411	29.288845	473.191909	0.040535	0.111416	0.187074	10910.661285
1.000000	87.000000	71214922.000000	2.541648	1.402108	22.558116	206.333524	0.038190	0.123631	0.032009	10924.539507
1.000000	130.000000	37768159.000000	35.801618	1.273818	24.043483	1622.282970	0.261142	0.173842	0.185852	10977.689555
1.000000	132.000000	106821312.000000	18.099308	1.619255	26.891942	2685.072062	0.388188	0.258363	0.240552	10978.896372
1.000000	151.000000	68132416.000000	16.194461	1.975531	24.759018	649.759223	0.016348	0.240813	0.254398	10947.850028
1.000000	149.000000	77468874.000000	7.908589	2.019883	31.068452	840.259798	0.070919	0.168130	0.217307	10941.476419
1.000000	142.000000	62424244.000000	15.499601	1.391562	25.802621	2305.929270	0.354495	0.342130	0.069326	10966.968333
1.000000	124.000000	88736489.000000	2.602578	1.371568	24.109289	264.037146	0.050450	0.129632	0.026684	10953.230506
1.000000	156.000000	77797701.000000	56.063279	1.156774	17.248987	884.627832	0.156705	0.259918	0.229943	11010.046498
1.000000	136.000000	123413757.000000	24.193472	1.155834	20.476113	344.002167	0.092600	0.001027	0.108042	11080.267875
1.000000	140.000000	42147276.000000	55.611669	1.041989	17.467976	1095.470055	0.201094	0.254448	0.187356	10997.260050
1.000000	117.000000	107578744.000000	0.003222	1.852394	27.246210	465.717607	0.095761	0.001519	0.206995	10979.284004
1.000000	122.000000	67246766.000000	37.042702	2.639385	21.461299	3259.970504	0.532549	0.186591	0.911850	10987.950299
1.000000	152.000000	104699987.000000	0.010170	1.890355	25.640404	1603.500207	0.403253	0.046400	0.185575	10983.141171
1.000000	147.000000	117965109.000000	17.063436	1.357195	19.417936	479.086034	0.016087	0.372111	0.012456	10977.207007
1.000000	135.000000	51096929.000000	0.002064	1.711908	24.483862	1281.576691	0.342452	0.086493	0.104668	10982.090062
1.000000	125.000000	84173209.000000	2.406598	1.685089	27.717847	1261.924536	0.172095	0.330433	0.006855	10956.698373
1.000000	131.000000	67181639.000000	22.182555	1.466376	19.030693	312.130023	0.017366	0.207965	0.151928	10948.721768
1.000000	143.000000	94483270.000000	0.171238	1.955093	30.245364	1333.194775	0.101043	0.422582	0.041490	10956.584940
1.000000	150.000000	33545015.000000	45.925618	1.030945	16.768536	1003.139843	0.179196	0.491321	0.023551	11017.343594
1.000000	155.000000	69290689.000000	3.782163	1.409835	22.900548	134.503230	0.011128	0.031507	0.119600	10914.504452
1.000000	144.000000	59797676.000000	0.000821	1.852817	30.696904	797.307569	0.049239	0.256184	0.073998	10921.877424
1.000000	145.000000	33069029.000000	0.120890	1.909410	26.608743	692.989404	0.140674	0.055641	0.179123	10948.284251
1.000000	138.000000	78282072.000000	27.405208	1.376766	22.388069	417.690983	0.065508	0.001926	0.241564	11063.534781
1.000000	153.000000	81103086.000000	19.203860	1.404186	18.099461	349.839505	0.001970	0.240087	0.142830	10927.607292
1.000000	139.000000	52740054.000000	38.741299	1.151290	17.731555	824.343659	0.118138	0.481852	0.010549	11022.023613
1.000000	159.000000	99395828.000000	29.411677	1.348242	21.644776	859.651936	0.082166	0.430291	0.053268	10999.655898
1.000000	154.000000	90088967.000000	15.302880	1.341280	11.629847	297.180690	0.218301	0.051480	0.012709	11114.979452
1.000000	157.000000	89127433.000000	26.588600	1.370523	18.566459	306.329766	0.042085	0.136767	0.153672	11003.689610
1.000000	160.000000	84683901.000000	26.337700	1.322164	23.004880	1600.089818	0.234690	0.401374	0.047561	10987.990315
