n	m	l	a	b	sgm	S	tr	tg	td	nll
4	35	128156296	1.192796	1.304028	28.734375	263.912015	0.024082	0.028864	0.064388	7611.314288
4	40	128662919	19.810638	1.297095	21.664734	1183.007812	0.181794	0.008582	0.093577	7655.740509
4	32	127859467	34.50276	1.174625	16.501489	940.793537	0.191878	0.00596	0.074533	7641.823973
4	20	126656308	17.658884	1.150567	28.360465	461.26019	0.022627	0.008523	0.142263	7715.100025
4	17	126356716	24.941781	1.258167	23.988034	935.881335	0.118009	0.01625	0.120725	7667.272991
4	39	128559366	34.42595	1.002642	17.807373	446.440969	0.075826	0.008226	0.072049	7672.148829
4	30	127664898	0	1.537057	32.523143	737.837324	0.069967	0.02851	0.115304	7657.29491
4	25	127156475	0.003663	1.573896	20.081275	1136.276364	0.2848	0.01038	0.076577	7620.454294
4	16	126256347	30.277089	1.141401	19.34129	955.733352	0.117827	0.170544	0.030854	7568.712964
4	18	126456590	21.615984	1.009588	14.429803	374.055729	0.003819	0.229257	0.018366	7606.081511
4	2	124856293	3.423862	1.443672	26.83388	888.601573	0.072184	0.154548	0.026822	7581.819126
4	7	125364824	69.857904	0.797787	9.845408	486.072729	0.112704	0.006769	0.076544	7628.526694
4	36	128259278	22.050565	1.246771	22.339292	922.608833	0.103766	0.150753	0.039243	7573.973789
4	15	126156740	0.000483	1.538818	24.982806	1100.518213	0.151881	0.134166	0.026527	7568.420218
4	12	125856376	0.004645	1.482729	20.71622	580.266008	0.152534	0.001026	0.06927	7627.769002
4	3	124956290	0.000136	1.564665	13.894166	686.934868	0.312045	0.001968	0.050164	7614.83386
4	38	128461871	21.859169	1.099877	18.801032	404.652063	0.082251	0.008776	0.054973	7672.107646
4	4	125062910	24.166533	1.176777	21.982333	1523.269569	0.200753	0.114257	0.053149	7601.833207
4	8	125456317	24.204512	1.185943	21.068817	580.899457	0.084383	0.029918	0.081089	7665.012876
4	29	127569667	0.002896	1.514443	20.950104	1414.630464	0.312744	0.090268	0.027974	7577.81517
4	31	127768693	40.272924	0.980735	16.838151	1284.706861	0.19215	0.150835	0.032819	7575.573492
4	9	125556492	34.547845	1.101116	17.944842	688.01118	0.068394	0.190216	0.045477	7578.811814
4	37	128359529	0.403856	1.581544	20.27764	1161.670852	0.267886	0.046857	0.06127	7603.512453
4	14	126056458	0.021526	1.318866	17.753158	227.114241	0.100007	0.001715	0.034826	7604.124624
4	33	127968784	13.765857	1.198223	20.165464	474.359056	0.015435	0.184477	0.022651	7604.033794
4	1	124762893	29.52934	1.160489	19.933988	954.420392	0.108843	0.175353	0.036498	7574.902255
4	6	125263234	33.681844	1.107159	18.185939	746.566284	0.060095	0.228228	0.04736	7581.721723
4	19	126569502	39.105245	1.072505	18.182438	662.149937	0.104119	0.028066	0.086693	7654.756704
4	23	126956612	34.836272	1.21315	17.346496	740.226186	0.114402	0.095363	0.075391	7632.095433
4	5	125156376	49.510987	0.948182	14.53655	769.580399	0.110949	0.173033	0.055908	7578.237003
4	28	127458381	53.173385	0.939562	12.545731	558.210765	0.068173	0.235096	0.079387	7590.108764
4	22	126856494	37.746059	1.041872	16.316645	3252.296109	0.364142	0.999663	0.99995	7663.395847
4	10	125656293	27.472277	1.125179	20.760138	1277.276208	0.144554	0.177063	0.032599	7579.396383
4	11	125756788	57.08563	0.905252	12.493192	558.94405	0.113413	0.001547	0.079866	7640.106039
4	24	127062901	35.518068	1.171037	15.362753	909.443781	0.197362	0.011545	0.066724	7637.652418
4	34	128069595	37.712515	1.065657	16.908816	937.826131	0.136698	0.160231	0.030361	7572.29809
4	21	126756525	0.033088	1.613722	14.96489	1325.08189	0.466143	0.054159	0.036892	7591.904137
4	26	127256380	41.944458	0.931167	16.246309	1259.903487	0.168256	0.224802	0.021523	7581.90817
4	13	125964042	2.196403	1.342936	23.045485	430.086745	0.037001	0.134218	0.006025	7566.533542
4	27	127367750	28.965416	1.12943	19.908493	1347.222806	0.197662	0.120802	0.038572	7587.967803
4	80	121270364	36.827013	1.140671	19.044711	780.575113	0.11419	0.009596	0.111707	7657.952613
4	118	130575888	11.754791	1.290687	22.172284	644.561419	0.072633	0.153659	0.007805	7563.216033
4	100	57941849	36.825006	1.123791	16.000312	670.867164	0.136451	0.001773	0.07714	7647.859798
4	46	138191112	5.177895	1.469379	23.872453	955.064678	0.173732	0.001	0.093975	7642.285108
4	110	54947700	38.519015	1.039499	15.6353	835.085203	0.104335	0.210869	0.021611	7572.603421
4	120	133744037	0.000399	1.55247	19.204539	1096.067119	0.284461	0.020069	0.063033	7620.024012
4	104	90244584	37.449787	1.044239	15.467847	593.633064	0.054196	0.256833	0.027152	7573.048257
4	72	66034804	43.537002	1.075905	14.184646	884.317943	0.195442	0.016828	0.059691	7633.447302
4	90	62856877	40.913759	0.946923	16.586383	1529.53767	0.248695	0.124034	0.029097	7589.348708
4	78	105368436	13.264771	1.116438	24.61804	303.64411	0.044445	0.030752	0.054984	7663.865948
4	102	93777656	37.726	1.132372	16.903068	787.395288	0.145501	0.029175	0.074762	7640.064529
4	58	95850514	18.102761	1.223356	24.954078	522.920399	0.060687	0.051305	0.079944	7667.503746
4	44	128452102	15.952762	1.185568	22.520555	356.650387	0.031801	0.100925	0.053767	7649.840574
4	76	95583337	26.302992	1.341507	10.757504	962.66005	0.388724	0.02681	0.023407	7642.704548
4	112	92971692	32.100913	1.124033	18.150766	747.315042	0.068758	0.215495	0.037194	7574.367496
4	68	79471128	33.922109	1.142125	18.502586	942.856446	0.130361	0.128533	0.0492	7586.678046
4	86	144906672	0.02213	1.543818	20.584311	1601.193445	0.353495	0.021929	0.072905	7622.82233
4	74	109378866	28.67675	1.246888	19.001775	945.874513	0.167442	0.012465	0.089649	7642.434925
4	96	101517379	33.081681	0.974453	19.19129	386.160309	0.057711	0.025871	0.069564	7682.521057
4	54	57823324	15.380671	1.25501	22.842465	1691.89105	0.218174	0.13961	0.034659	7591.379569
4	64	139095797	46.123919	1.022866	16.363359	791.721504	0.123212	0.001583	0.105938	7656.874448
4	52	130004193	32.922465	1.107187	18.505682	768.588634	0.077521	0.200372	0.03591	7569.421972
4	88	101276585	12.956184	1.315676	24.178245	673.207617	0.007352	0.179744	0.076479	7653.15127
4	84	139030400	19.711948	1.092249	17.779838	411.927034	0.00994	0.192203	0.034228	7613.308278
4	42	126968255	39.296067	1.058263	16.547833	693.051398	0.068451	0.221398	0.049299	7578.232643
4	56	109966184	20.755064	1.324107	22.526723	976.409031	0.15231	0.015643	0.100268	7650.704148
4	114	105359387	47.173328	0.982041	15.174507	748.614065	0.092368	0.196885	0.063514	7577.800087
4	62	59008734	0	1.509661	21.415637	750.462125	0.191864	0.004448	0.071462	7629.216528
4	106	87383857	22.16864	1.240174	22.002131	1069.160099	0.115781	0.157383	0.039792	7576.812006
4	103	112434375	52.177734	1.028906	14.903564	444.34375	0.060337	0.045697	0.144968	7694.866787
4	92	53469729	6.217821	1.238681	28.463527	316.784177	0.02899	0.043914	0.062673	7627.918092
4	117	111290567	34.193828	1.120707	19.709687	555.372084	0.073134	0.036167	0.102177	7670.375668
4	60	141062269	29.41748	1.141106	19.852625	1208.747871	0.169126	0.125841	0.040731	7581.682039
4	48	106083713	18.097601	1.29404	20.803875	1038.234198	0.155685	0.128404	0.025863	7572.136318
4	70	90948910	57.314666	0.88647	12.019873	746.062126	0.140052	0.132609	0.053549	7584.354559
4	98	69526489	55.889739	0.915838	10.512151	485.481142	0.061241	0.292855	0.075283	7592.307584
4	50	81456862	20.884268	1.226788	20.988349	806.606012	0.084642	0.180627	0.01607	7564.930685
4	94	69959199	38.02684	1.144955	16.767315	838.334157	0.148419	0.049498	0.074161	7632.642463
4	116	77728576	10.695098	1.486081	13.562449	1012.42108	0.362878	0.002014	0.051771	7633.563491
4	71	53407360	27.255372	1.264859	18.608205	929.090225	0.16675	0.024829	0.080135	7637.744696
4	99	76566015	36.087445	1.073961	17.098084	820.229221	0.099309	0.195824	0.026431	7574.964822
4	66	130767563	12.277575	1.406961	21.472924	1170.914785	0.228065	0.013042	0.081887	7640.300205
4	108	135463493	26.011491	1.221096	21.345798	932.438704	0.120928	0.119925	0.052277	7586.190662
4	77	53763742	3.798772	1.495095	29.073631	494.233146	0.003037	0.02208	0.164978	7701.283618
4	119	108797731	36.536875	1.074512	16.782816	575.421844	0.051872	0.223207	0.047533	7583.157361
4	101	75795103	25.706278	1.056647	23.069532	408.794502	0.049942	0.029715	0.083816	7681.825204
4	79	111041903	31.84509	1.114149	17.822831	765.952169	0.089497	0.189125	0.022796	7566.351548
4	57	79460567	30.137383	0.954324	22.725115	365.585915	0.034579	0.014126	0.112332	7696.501043
4	109	71575339	15.268335	1.331055	23.763351	917.488805	0.089837	0.1653	0.030485	7575.234089
4	83	91168544	32.990185	0.943433	16.712417	368.878277	0.071946	0.001	0.053995	7685.064423
4	75	128293646	20.640826	1.197185	19.674284	736.170803	0.083968	0.177379	0.004435	7562.331306
4	43	107044108	0.000201	1.34762	24.196918	328.97208	0.072648	0.001503	0.060417	7622.743425
4	85	66419950	1.210593	1.47715	24.557949	746.908034	0.140541	0.022276	0.074179	7628.593446
4	82	53279700	25.299744	1.182605	19.374913	772.422527	0.086649	0.168546	0.024302	7570.174786
4	63	61161814	36.901613	1.070667	16.978483	789.444703	0.085294	0.212805	0.035691	7568.558024
4	67	132949214	4.449508	1.480329	20.650012	1315.471986	0.246777	0.11843	0.018741	7571.560546
4	95	142817724	14.287565	1.331046	23.937023	1154.674739	0.148016	0.127673	0.038414	7578.849376
4	123	149133475	16.20415	1.295976	22.070372	1147.06298	0.142933	0.154561	0.02085	7572.009814
4	105	133276657	0.157257	1.49781	25.266549	946.574166	0.126961	0.13093	0.020171	7562.909867
4	91	51825689	0.001923	1.453872	25.193557	533.035359	0.100922	0.032078	0.063545	7620.599294
4	61	135680349	32.547425	1.195166	19.064383	876.095485	0.139872	0.028858	0.09118	7645.74659
4	127	118021113	8.860302	1.461807	27.045731	483.365889	0.002193	0.057805	0.17136	7698.251949
4	111	71130071	36.606996	1.097716	18.883293	963.268917	0.134677	0.117647	0.058874	7588.172682
4	45	104032144	26.181947	1.181647	19.679517	903.382083	0.099799	0.198244	0.016478	7568.177919
4	69	67044358	32.518993	1.175804	17.127675	1178.072778	0.230167	0.016733	0.06791	7642.114444
4	113	140031367	31.499284	1.200787	17.76244	1099.756274	0.210315	0.043807	0.062874	7630.075234
4	93	53084032	38.478428	1.164003	12.737691	798.648428	0.218686	0.00165	0.053582	7642.036529
4	65	137529817	20.711469	1.264147	24.894827	715.942356	0.086853	0.002907	0.122384	7673.835157
4	53	121658613	15.820157	1.37602	16.646003	1184.286714	0.283732	0.071555	0.029293	7600.763314
4	89	84088578	53.689409	0.722709	14.377831	1546.186388	0.232356	0.19823	0.034916	7581.925919
4	49	100041233	37.914745	1.12081	14.28685	572.606085	0.123332	0.039117	0.056017	7642.149617
4	47	116475056	18.726136	1.253361	24.394451	761.326774	0.111381	0.022443	0.084431	7660.875564
4	152	147030224	0.000001	1.524915	24.842063	749.140312	0.12007	0.082246	0.046789	7593.562593
4	126	76235341	31.528146	0.933189	13.195261	299.026044	0.003181	0.169224	0.105623	7667.544253
4	87	75268272	54.63687	0.864078	13.282597	821.017841	0.115229	0.232438	0.059889	7579.128534
4	115	52831201	10.977466	1.319678	23.279102	764.826022	0.073467	0.159574	0.014882	7568.804344
4	97	86552000	26.51629	1.19212	20.537581	815.933916	0.084587	0.173651	0.037631	7573.272238
4	141	120224038	26.787401	1.186219	19.885669	848.297946	0.105867	0.155158	0.031815	7571.028791
4	129	123279705	43.223085	0.972387	17.303587	1175.374676	0.173716	0.146679	0.045971	7585.13563
4	55	126724589	33.290819	1.078566	18.002626	862.036616	0.091146	0.200638	0.027647	7575.899774
4	122	79415783	0	1.469058	22.745175	786.482001	0.116149	0.134761	0.004427	7551.713856
4	142	119450005	17.888031	1.235193	21.361389	490.144531	0.082836	0.032218	0.067034	7659.079126
4	73	85706980	16.233042	1.290019	21.766253	1012.851337	0.119864	0.168187	0.012745	7566.451324
4	107	150439728	1.137597	1.487951	22.627635	1343.333989	0.219848	0.136791	0.012178	7561.647223
4	41	45554203	16.84725	1.201151	20.486577	1791.036621	0.261854	0.151343	0.011099	7588.91644
4	59	135752899	0.459413	1.322988	22.494075	294.824133	0.042554	0.090518	0.013059	7566.728971
4	135	114420219	14.428073	1.432778	19.389455	1096.398052	0.220767	0.053574	0.06014	7617.22176
4	149	60617366	35.945522	1.083275	16.362566	601.894368	0.112913	0.005358	0.073711	7655.101034
4	148	94311852	43.233967	1.010127	16.133452	887.909136	0.121432	0.163783	0.047743	7577.021271
4	144	133437187	1.341266	1.447534	26.391963	1488.019314	0.179573	0.139105	0.029147	7574.848896
4	130	74070896	46.778366	0.928833	14.763475	966.645057	0.135207	0.206431	0.034531	7574.025251
4	81	102118205	36.221127	1.182292	13.282099	808.045433	0.208977	0.007091	0.054593	7636.898848
4	124	114231861	4.161843	1.462469	26.915656	1457.124938	0.219776	0.035966	0.08933	7646.56046
4	151	107794379	31.075334	1.160246	23.474788	610.056835	0.065445	0.039401	0.122739	7682.567056
4	132	66941906	22.723257	1.244048	21.601623	720.147447	0.058867	0.175251	0.046563	7587.041352
4	121	94766985	0.027627	1.487384	21.744843	1183.682049	0.199885	0.136708	0.004851	7554.509098
4	134	129916478	0.001338	1.415912	29.095377	378.520094	0.037973	0.013222	0.09031	7636.499207
4	154	150052981	1.358736	1.546064	21.458333	1348.738321	0.263041	0.060456	0.058972	7603.479572
4	51	70129514	61.955033	0.105983	12.847346	2616.654768	0.371771	0.482976	0.377245	7598.913377
4	160	135038220	36.492756	1.062348	18.56849	1113.260527	0.12867	0.170311	0.05006	7584.55002
4	150	122599689	21.755838	1.106368	23.675921	419.579291	0.012597	0.085636	0.115117	7684.826687
4	143	143205936	24.498164	1.267631	18.4994	854.358398	0.166678	0.010968	0.076537	7642.026068
4	136	122647000	38.689647	1.053318	15.778037	680.050776	0.071989	0.218266	0.037561	7576.809507
4	138	55363853	36.933161	1.076651	16.480908	1005.286896	0.169951	0.124082	0.030599	7578.007489
4	158	140971687	35.481769	1.168631	15.923825	838.7351	0.161663	0.001976	0.08312	7646.240458
4	137	88468118	11.03137	1.402744	16.125575	1819.328004	0.503028	0.001117	0.053595	7658.59495
4	156	109091886	16.628125	1.253486	24.870294	482.297469	0.039898	0.080049	0.082683	7672.532509
4	153	72444777	32.128063	1.173206	15.561275	630.992324	0.13892	0.012214	0.065484	7647.550751
4	159	150406401	0.000002	1.439581	27.718876	575.051883	0.091911	0.001535	0.088304	7644.982644
4	133	146776493	10.209721	1.425291	22.821478	1064.539095	0.154126	0.117567	0.036368	7580.236114
4	155	144987059	0	1.622585	12.626658	661.849403	0.339224	0.050174	0.028583	7600.87068
4	139	88865423	27.442277	1.098248	20.483081	1523.072272	0.20535	0.148345	0.027833	7587.366991
4	131	106702284	47.179202	0.898297	15.903373	1220.546607	0.190471	0.14856	0.038076	7579.916588
4	140	128302428	0.001342	1.529231	20.532591	1141.109762	0.240836	0.100932	0.022036	7562.252715
4	128	66341144	20.456252	1.272086	21.627354	1105.335977	0.144542	0.134026	0.036673	7576.325568
4	145	111611924	31.390654	1.126774	18.386426	1194.054437	0.189318	0.122969	0.032993	7582.956541
4	125	76859247	32.545302	1.142363	19.756763	824.198876	0.082392	0.168627	0.058791	7581.628962
4	147	128111747	2.203261	1.474842	22.471018	1358.600032	0.2286	0.123223	0.019389	7568.051444
4	157	79300931	15.132139	1.327538	18.549211	783.787936	0.17844	0.001213	0.065821	7647.129492
4	146	108819668	42.672364	0.975854	16.081189	1048.134042	0.147902	0.171721	0.0339	7574.313999
4	7	107176403	28.593071	1.18207	23.684156	659.136597	0.068474	0.002334	0.148707	7691.426867
4	10	107475631	16.104371	1.09584	25.96404	332.962085	0.023583	0.055512	0.075146	7662.561433
4	31	109574446	0.281217	1.597411	23.848178	935.775024	0.158698	0.087712	0.054848	7599.313632
4	5	106975935	33.833292	1.000822	21.794076	414.867188	0.040382	0.026865	0.121738	7695.199217
4	23	108775918	0.000001	1.424925	20.829088	330.83947	0.084204	0.057033	0.033484	7595.366253
4	3	106774492	0.001066	1.604905	15.146744	1027.672241	0.380176	0.001	0.063742	7617.068452
4	9	107374383	3.261489	1.480287	24.701669	1328.697662	0.193973	0.106715	0.044007	7582.140297
4	35	109976914	0.372262	1.229373	23.773898	2988.570526	0.400843	0.130173	0.031953	7621.351772
4	27	109178221	17.854385	1.286255	20.275517	672.629883	0.131205	0.018109	0.0694	7650.645493
4	6	107076195	38.689212	1.091396	18.500072	915.10865	0.140754	0.002912	0.097808	7655.234389
4	11	107574393	4.354591	1.261578	13.239708	184.332031	0.098124	0.043951	0.005677	7593.298589
4	21	108575335	4.655149	1.442621	23.445165	903.048828	0.127112	0.12502	0.021098	7566.293185
4	1	106575662	28.054247	1.206766	18.865271	745.866699	0.135464	0.010488	0.081281	7650.150577
4	37	110176676	10.706202	1.3723	23.779761	1275.980408	0.165696	0.127183	0.036853	7576.321622
4	26	109074439	47.63875	1.03149	14.201412	811.614746	0.159251	0.001023	0.078429	7640.820012
4	17	108179468	3.092997	1.484911	26.720317	1175.536346	0.135919	0.137807	0.036017	7575.320276
4	30	109475860	11.210339	1.328767	22.298848	846.898651	0.100376	0.161727	0.005828	7557.708934
4	14	107878401	6.843723	1.36649	22.713564	712.121788	0.09343	0.137836	0.008541	7563.360695
4	34	109874401	17.070708	1.29253	22.334242	1034.881592	0.141434	0.149369	0.01908	7570.770633
4	2	106674560	19.301813	1.252123	21.345117	1233.337402	0.172075	0.136365	0.025476	7573.864556
4	29	109375443	15.606952	1.194227	20.280557	2141.439575	0.334138	0.117907	0.025299	7605.749492
4	38	110275340	25.811234	1.288983	16.077156	1005.984375	0.227075	0.062665	0.04194	7610.477779
4	19	108378382	40.000055	1.137775	12.095807	690.190552	0.196432	0.008409	0.04721	7638.746697
4	33	109774817	56.262165	0.88173	12.552468	661.632141	0.101134	0.197189	0.064839	7584.742074
4	39	110376121	31.054716	1.135843	19.023886	853.054199	0.08853	0.199368	0.032846	7569.714247
4	18	108278892	19.679832	1.260291	21.493835	967.853516	0.13516	0.135401	0.025001	7573.514052
4	22	108675695	17.861912	1.278324	21.745669	940.452087	0.111585	0.152439	0.022817	7568.527611
4	13	107775669	28.278394	1.134693	18.486423	675.514648	0.073179	0.180868	0.0213	7568.963607
4	25	108974463	22.550322	1.226696	21.312193	910.341705	0.117821	0.142254	0.028058	7575.221583
4	15	107976782	40.473905	0.995108	16.249306	1153.238159	0.1922	0.136818	0.023886	7577.227495
4	36	110075038	2.997608	1.437814	19.8452	635.722656	0.167821	0.002212	0.064281	7630.61671
4	4	106877864	43.036467	0.919536	20.943824	1566.891525	0.211745	0.037346	0.090934	7688.397522
4	20	108476525	51.415966	0.959829	14.719365	611.701172	0.110868	0.001758	0.093032	7647.305086
4	16	108079171	0.000001	1.506873	22.274107	1333.490242	0.235669	0.123285	0.01689	7562.881205
4	8	107275839	1.877711	1.492762	24.090061	1127.217377	0.177137	0.131965	0.018714	7565.39112
4	24	108875987	25.540867	1.195062	19.363546	777.407715	0.095696	0.156725	0.025892	7570.85944
4	40	110474826	12.186239	1.345683	25.401239	1205.63028	0.138909	0.150223	0.0322	7577.361827
4	12	107674383	4.557152	1.435358	22.358208	1029.746094	0.179781	0.118306	0.014559	7566.429524
4	28	109277110	12.837549	1.343293	23.217561	1137.403992	0.142103	0.137387	0.028129	7572.12898
4	58	72275758	5.338812	1.299626	27.196302	419.341309	0.001	0.058809	0.103549	7650.558545
4	32	109677441	51.508899	0.961015	15.016034	830.436646	0.132921	0.109976	0.073753	7597.545395
4	110	109062060	19.616961	0.968447	19.396791	268.69519	0.001	0.068716	0.10955	7652.029271
4	46	65422645	0.000004	1.598601	12.923041	803.650238	0.404142	0.002402	0.048731	7609.999944
4	86	58620455	34.140893	1.19238	14.430285	722.301941	0.175256	0.007685	0.06284	7642.004549
4	94	123452287	22.914711	0.966015	14.380772	261.499939	0.077193	0.006288	0.017505	7689.164481
4	50	140100476	0.000001	1.528229	20.609056	929.236504	0.200879	0.098992	0.01822	7570.600368
4	114	138924698	17.011185	1.385907	18.47908	882.896484	0.19973	0.018805	0.07128	7638.605809
4	44	71547731	11.303959	1.410812	22.599201	1219.580078	0.187098	0.071072	0.06287	7611.601499
4	52	120013772	30.501881	0.981633	13.203592	332.552246	0.088861	0.017052	0.022201	7694.777527
4	102	137353870	26.664069	1.172284	19.382522	901.684204	0.10232	0.182329	0.021732	7567.283906
4	68	141660735	40.026857	1.088957	17.714488	795.449944	0.081047	0.172618	0.080417	7594.454332
4	98	123050493	42.573972	1.087737	16.130662	927.168579	0.164968	0.011336	0.088565	7646.248423
4	92	136922110	24.84405	1.235353	18.750215	1430.293579	0.268084	0.001328	0.076635	7655.693619
4	54	115999284	46.818209	0.363132	14.370975	2967.515625	0.365581	0.938978	0.999998	7629.649758
4	42	126036413	4.988794	1.396729	26.602564	1646.79541	0.206574	0.112471	0.04918	7593.35223
4	106	144058017	48.007001	0.971604	11.934622	458.488693	0.114269	0.001	0.055789	7660.479802
4	100	144816444	4.00629	1.506955	16.877842	1360.762695	0.365932	0.084646	0.02077	7581.130937
4	78	132402831	12.479904	1.370543	24.105945	914.272583	0.107513	0.126738	0.04125	7582.953416
4	82	94681949	24.829395	1.196937	20.742733	822.134399	0.090728	0.167715	0.030402	7571.111468
4	60	126105945	44.856514	0.972992	16.531953	894.861979	0.120815	0.159879	0.051353	7579.154369
4	62	136962425	21.011029	1.262267	21.578959	1118.132843	0.145347	0.133726	0.03844	7578.06836
4	108	150537055	22.966633	1.116238	22.914762	1699.814941	0.220261	0.137524	0.036018	7601.772418
4	118	62387187	28.105059	1.275287	16.73912	918.067383	0.193612	0.027402	0.068426	7635.831368
4	76	61242289	29.764252	1.228784	17.6091	748.023438	0.140814	0.019235	0.079589	7643.985805
4	74	138493113	39.254335	1.164187	11.317781	758.536522	0.23204	0.007788	0.041569	7638.931068
4	90	148413966	24.53373	1.21723	24.899521	724.207031	0.087499	0.002469	0.128546	7684.597622
4	116	133554808	24.97196	1.207844	20.285184	998.708588	0.144114	0.12679	0.033662	7577.887981
4	66	138043162	19.562534	1.275505	21.73832	947.020676	0.111359	0.157096	0.029034	7569.520468
4	84	64669287	36.369009	1.056107	17.637839	922.75	0.107477	0.202144	0.030446	7573.739111
4	70	51258251	38.538439	1.084216	17.265209	862.096863	0.120014	0.129269	0.052973	7584.018622
4	72	88270615	29.527692	1.273069	23.481761	644.470947	0.059745	0.019215	0.181504	7716.988356
4	43	56984863	14.446184	1.237691	28.282148	451.555597	0.023311	0.067169	0.102445	7669.986524
4	93	98299476	20.470226	0.972805	22.005963	2794.805664	0.334919	0.108112	0.055791	7640.476992
4	67	80010993	0.00871	1.433572	27.688649	425.686554	0.0669	0.017649	0.079748	7631.538941
4	57	54762177	18.869441	1.243073	20.986393	1142.097504	0.157963	0.166989	0.006679	7569.175945
4	49	102456699	1.821041	1.477318	24.633093	1071.834961	0.149289	0.135534	0.018165	7561.247191
4	109	91771691	4.046631	1.183447	13.868561	184.796875	0.107311	0.001463	0.010181	7624.908324
4	85	97470017	18.883136	1.351502	18.944094	886.045715	0.166493	0.091514	0.039852	7598.726782
4	97	103078683	18.734737	1.317077	25.80518	1034.593201	0.086375	0.140446	0.075028	7609.293018
4	88	76262183	32.937691	1.192756	18.356965	874.909546	0.146915	0.001047	0.100557	7649.528262
4	117	72733868	0.003662	1.61416	19.590454	1541.15625	0.421713	0.004522	0.081854	7647.795618
4	53	56892331	37.91748	1.221484	10.007324	543.875	0.189186	0.022852	0.041567	7662.440453
4	104	63955422	21.560726	1.315721	18.875818	1257.17688	0.256875	0.007534	0.076862	7644.7382
4	112	112276345	37.81723	0.938837	18.111382	1681.539062	0.241165	0.149962	0.032496	7591.160719
4	96	50176246	17.406827	1.173095	19.290189	415.530487	0.091918	0.001098	0.06084	7669.263286
4	45	91679653	25.01238	1.160122	20.049502	1316.410492	0.173287	0.158923	0.022578	7576.090311
4	91	114364985	27.652087	1.241496	17.379456	892.792145	0.186972	0.005848	0.074453	7640.95334
4	75	90063465	0.176418	1.431731	32.264309	502.629944	0.037136	0.051115	0.081524	7630.069655
4	113	63490143	30.595093	1.058008	16.334839	603.375	0.062699	0.213686	0.001642	7567.585333
4	56	89658424	23.189495	1.249307	21.136937	920.85778	0.112673	0.134327	0.043817	7579.844051
4	89	131125978	23.611575	0.923112	21.368219	3337.722229	0.461861	0.002012	0.078207	7713.344986
4	101	70948468	40.644858	1.035408	15.602638	726.360779	0.078141	0.227558	0.040025	7575.154345
4	120	120678012	42.152023	0.994883	15.460987	501.156372	0.089321	0.012944	0.075339	7661.979327
4	77	102498212	30.475338	1.119231	17.990927	662.822235	0.059814	0.22372	0.024369	7570.377232
4	73	96634728	30.020585	1.170649	19.343653	920.52063	0.102395	0.180174	0.039278	7575.539455
4	64	135763527	21.030829	1.309462	19.350729	1013.748291	0.182481	0.04904	0.063938	7629.459602
4	41	64995546	16.411915	1.267289	22.656028	1370.244995	0.184457	0.133815	0.028859	7580.655201
4	59	114588395	0.000057	1.506943	21.863871	1025.230957	0.161561	0.144035	0.003867	7553.213672
4	99	97150118	67.761648	0.767599	12.382429	767.720337	0.145196	0.001	0.079347	7642.648744
4	107	145711590	50.098518	1.00221	13.389685	635.594322	0.131207	0.015611	0.074253	7637.720141
4	61	121043811	38.575823	1.071423	16.095548	664.071289	0.058935	0.224148	0.056143	7582.449655
4	81	111438430	7.746674	1.431039	21.853607	1169.401787	0.204484	0.105546	0.029493	7576.558055
4	51	128224460	39.282064	0.995777	16.476154	1180.188576	0.171336	0.170123	0.024176	7574.529048
4	105	72435254	35.298378	1.08887	18.491414	844.166199	0.097925	0.178872	0.040396	7574.206478
4	48	125656778	46.607172	0.977439	14.193769	668.380493	0.082197	0.221773	0.051148	7580.07467
4	115	143371123	11.937365	1.341108	19.943741	924.781021	0.147619	0.141015	0.002795	7561.450955
4	65	117527376	69.999962	0.794847	9.667597	525.582031	0.126106	0.02278	0.065425	7623.097898
4	69	111091793	58.915143	0.91694	13.153892	609.354736	0.107337	0.001253	0.106215	7647.834252
4	83	146899804	2.000427	1.468835	19.973907	1004.507812	0.203891	0.122699	0.001921	7553.273927
4	80	48725938	55.740615	0.62698	13.97677	1828.891327	0.272697	0.204195	0.031719	7584.393097
4	140	95406240	0.000229	1.510968	22.276764	779.208984	0.185263	0.001295	0.07735	7631.242541
4	124	103818286	0.000057	1.583696	23.286867	1042.959961	0.215883	0.032282	0.077995	7621.521174
4	129	110515573	0.000004	1.529135	25.368357	1188.488098	0.163088	0.12099	0.034288	7571.420566
4	127	59009676	4.904873	1.306331	26.075583	452.415283	0.005142	0.127098	0.047057	7614.471648
4	141	76631340	14.885888	1.221103	21.288106	448.343628	0.08845	0.028514	0.053851	7657.289074
4	126	99355487	8.650932	1.461218	25.867233	1033.451172	0.098607	0.127922	0.058223	7601.08402
4	138	137674493	46.171646	1.01508	15.370765	908.26123	0.175353	0.003838	0.074632	7645.179259
4	128	120821250	0.137933	1.637975	9.147938	643.466492	0.513945	0.031944	0.021996	7599.698667
4	125	52977608	23.335383	1.313814	16.398675	1144.93335	0.280436	0.003406	0.065111	7640.711433
4	134	122315061	15.060768	1.269205	21.520605	2096.32666	0.362836	0.051216	0.063633	7656.382996
4	135	101329753	43.577832	1.028638	19.874936	578.919006	0.062559	0.051997	0.129921	7692.431313
4	145	136406773	41.96097	1.097297	14.624428	791.136948	0.160422	0.014872	0.072456	7638.233754
4	143	60631275	33.224258	1.191968	18.656387	1068.724609	0.16656	0.00447	0.102948	7656.034434
4	149	65959483	33.533745	1.165686	19.945839	824.574636	0.121856	0.024467	0.097401	7651.795197
4	122	134493762	0.039561	1.54484	26.670756	1007.967651	0.147475	0.101405	0.046257	7583.805298
4	121	146113393	28.962561	1.116577	20.657964	1214.595612	0.148693	0.150812	0.03802	7584.288506
4	146	110099840	31.525951	1.139939	19.805097	976.338449	0.113217	0.168123	0.044327	7575.111998
4	123	112182530	30.259581	1.208665	17.445545	847.862305	0.16435	0.001956	0.081679	7643.749626
4	136	73498733	4.525394	1.507646	15.599934	972.882523	0.314585	0.00898	0.053999	7625.912248
4	139	62766819	14.482725	1.395682	18.826639	954.045563	0.209203	0.039302	0.058465	7628.511744
4	130	79693684	0.846305	1.499314	28.425369	982.475586	0.090393	0.140724	0.037354	7583.264196
4	133	87035330	27.822418	1.272314	14.619446	828.195312	0.213745	0.012416	0.056179	7638.244982
4	131	65873427	26.115924	1.185937	19.691002	909.395248	0.083556	0.211058	0.028162	7576.187399
4	137	152240169	21.134641	1.23161	22.089397	665.14325	0.060997	0.158861	0.038721	7587.457896
4	132	74878033	46.100235	1.014925	15.372984	703.353149	0.126445	0.002261	0.085282	7646.609993
4	144	99567156	0.000057	1.484608	20.490942	929.979004	0.173528	0.123841	0.003046	7551.381074
4	150	121025907	30.900478	1.063408	23.479261	501.92627	0.033661	0.017143	0.164711	7722.088668
4	148	152963779	0.000004	1.357741	24.228198	378.11911	0.041958	0.103447	0.014466	7570.057775
4	147	61522366	20.671936	1.047182	21.915143	346.184013	0.055963	0.036611	0.048322	7675.120173
4	71	87507967	27.021983	1.212596	20.494463	1224.770264	0.195421	0.003533	0.094379	7655.792728
4	142	77003869	24.942627	1.187909	20.066032	908.3125	0.096244	0.183862	0.023964	7568.080896
4	103	54304186	0.003662	1.439355	22.162476	480.4375	0.124464	0.001	0.068326	7631.234079
4	87	107447772	39.663963	1.031926	17.426519	1068.136719	0.135915	0.174828	0.045721	7579.811355
4	63	75325205	5.539838	1.09572	22.084566	186.363159	0.051064	0.001873	0.027743	7638.450655
4	111	74562793	30.867403	1.027918	17.240798	486.261505	0.040345	0.222168	0.018216	7587.164263
4	55	53810910	37.551198	1.08265	18.115704	934.78894	0.119406	0.149152	0.053968	7579.497986
4	119	123990666	36.534829	1.084566	18.486727	832.174816	0.098875	0.172286	0.049008	7577.136588
4	47	136510610	24.765188	1.173897	20.646841	707.781769	0.093818	0.137689	0.028384	7585.978955
4	95	88565233	54.901335	0.864705	13.541985	900.586182	0.143813	0.164996	0.055328	7575.630073
4	79	79849768	12.997742	1.347513	24.774501	724.711182	0.049458	0.169792	0.040626	7594.540685
4	160	138428726	18.946946	1.236883	24.853141	760.162354	0.111506	0.002288	0.097787	7673.742406
4	156	116166180	29.051363	0.963806	21.952491	375.157227	0.041344	0.010925	0.095604	7692.074963
4	158	143191841	25.535631	0.909241	12.789631	330.077637	0.001001	0.234519	0.029817	7601.143097
4	154	147724691	39.160953	1.05678	17.244122	811.306702	0.094241	0.184881	0.048903	7573.862033
4	155	98565907	30.792847	0.999927	21.485291	388.890625	0.047734	0.043281	0.078922	7686.291585
4	151	132990069	33.792533	1.161478	16.993466	1112.987144	0.217153	0.00719	0.072519	7642.743232
4	159	139892921	0.000916	1.396606	29.402161	293.570312	0.014493	0.032917	0.080239	7624.693504
4	157	143376080	0.000014	1.549154	28.005717	1262.680664	0.13382	0.121765	0.054498	7592.034665
4	152	69697776	0.557211	1.376719	26.59457	334.380646	0.044226	0.059785	0.046336	7598.706488
4	153	95432916	39.021177	1.042061	16.395254	529.215332	0.088669	0.001	0.093355	7665.747141
2	16	95356965	20.696562	1.042245	21.142201	338.069365	0.008117	0.100746	0.084972	7660.544842
2	10	94746197	2.411205	1.555758	22.42295	976.666308	0.183763	0.06368	0.060469	7607.90302
2	40	97757656	32.200092	0.915055	20.653414	319.838488	0.03631	0.044631	0.077365	7695.646851
2	22	95946048	24.993495	1.142827	21.983866	489.322576	0.067478	0.031222	0.084664	7670.616955
2	21	95856972	30.756625	1.000579	21.832267	362.9673	0.026366	0.050819	0.121407	7696.487143
2	13	95058454	29.416841	1.144578	19.805507	836.239159	0.082398	0.193069	0.034204	7571.391506
2	17	95457515	0.158191	1.493779	29.201106	532.692369	0.062981	0.035797	0.088943	7636.466148
2	12	94946044	25.739608	1.165906	21.278183	577.397006	0.08623	0.031732	0.077728	7663.02081
2	25	96250701	0.000134	1.434882	23.771157	400.576261	0.069954	0.074175	0.035501	7592.15039
2	34	97150843	23.517363	1.232681	23.060648	1047.856703	0.105203	0.153628	0.054673	7585.679124
2	28	96553692	0.312683	1.350639	26.575691	303.778921	0.02312	0.081001	0.035295	7587.074899
2	2	93950858	0.376873	1.390532	28.89359	382.139138	0.049731	0.031297	0.069158	7619.6686
2	9	94647756	41.073234	1.002687	14.277308	561.50778	0.055523	0.254331	0.031665	7575.728798
2	19	95648379	0.023914	1.570782	17.979849	1261.90444	0.34948	0.023997	0.059779	7611.476202
2	38	97554648	2.909361	1.492815	25.245934	1265.719485	0.154974	0.142862	0.029404	7572.838138
2	27	96446508	23.259343	1.164619	21.301557	1495.769948	0.195161	0.146028	0.031273	7584.257186
2	5	94254062	36.747191	1.176289	11.632087	691.70794	0.219435	0.009833	0.038465	7640.951153
2	23	96058968	18.375955	1.275082	21.872311	938.845267	0.108252	0.150154	0.027907	7571.262051
2	36	97348759	54.727218	0.941948	11.493411	522.944485	0.122404	0.001	0.067302	7639.788387
2	8	94546063	31.918068	0.86674	22.200279	323.114632	0.030519	0.013792	0.09967	7707.182904
2	14	95154381	0	1.539584	16.073658	756.643843	0.263505	0.039232	0.038169	7605.865372
2	11	94846047	36.459109	1.151321	16.624053	901.63868	0.166074	0.001785	0.085641	7644.993558
2	4	94157225	24.082192	1.307553	14.449195	867.592175	0.241832	0.004367	0.055163	7638.31185
2	35	97257247	24.255548	1.231466	21.58278	908.281097	0.104618	0.152972	0.041118	7575.224235
2	24	96154227	7.966497	1.282977	24.449727	489.41653	0.007802	0.140398	0.048382	7616.580205
2	18	95548386	19.338708	1.254955	23.699537	1085.730225	0.114384	0.151155	0.040026	7580.07196
2	20	95751297	38.105005	1.058589	17.170729	923.8946	0.107778	0.190829	0.04258	7573.621927
2	30	96758802	34.292534	1.09321	18.272942	909.012616	0.117482	0.176384	0.027859	7571.822988
2	7	94451616	0.117767	1.511012	23.723553	1076.900246	0.175082	0.121752	0.021283	7562.045368
2	32	96955965	3.426893	1.473745	21.855882	863.673747	0.148769	0.114966	0.017823	7567.172306
2	15	95258226	0.345714	1.358872	26.139252	221.067293	0.003861	0.036398	0.074675	7615.210126
2	29	96646108	21.361447	1.232981	20.669915	903.912889	0.116145	0.157149	0.018714	7566.671427
2	39	97656090	0.89595	1.49826	24.487004	1008.297873	0.130316	0.146694	0.01372	7559.587641
2	37	97456994	15.204468	1.283228	23.37308	812.889634	0.08577	0.158028	0.021934	7569.455563
2	1	93846962	40.712987	0.995958	15.497308	920.636232	0.120034	0.228792	0.015868	7573.733275
2	6	94358460	0.011114	1.510674	22.792608	1491.573976	0.296711	0.001008	0.087278	7640.999827
2	26	96346054	11.21186	1.421827	18.367575	1278.2211	0.296231	0.061621	0.039962	7603.995466
2	33	97046047	56.921449	0.686531	13.560593	1378.41496	0.218402	0.237389	0.02787	7577.162428
2	72	80001299	7.050434	1.297229	23.582772	2450.090122	0.377155	0.003635	0.091558	7691.271595
2	31	96858324	30.53241	1.094168	20.57815	593.534218	0.081269	0.001	0.101635	7672.014974
2	66	80282348	0.015505	1.452522	30.515734	396.905984	0.014719	0.071063	0.075139	7625.264568
2	60	75241043	0.000107	1.488798	17.612222	581.10175	0.201527	0.011158	0.049964	7616.711854
2	3	94056382	19.778171	1.30929	18.108265	1180.613288	0.239753	0.077224	0.034904	7599.000753
2	78	75438630	17.270657	1.324518	21.765654	743.831299	0.126464	0.001446	0.094611	7655.587925
2	74	91661282	13.784734	1.15551	19.64713	369.644499	0.003801	0.146223	0.049073	7615.811108
2	68	81416200	0.000559	1.480298	22.335087	760.899531	0.130246	0.120948	0.008795	7557.35672
2	112	128985039	7.022317	1.315323	28.883853	477.251707	0.030617	0.092592	0.057084	7631.831282
2	82	56337528	0.394156	1.50394	25.348755	958.553709	0.103483	0.158707	0.014865	7567.361011
2	108	128953501	28.957054	1.233606	16.793002	954.688529	0.201601	0.011124	0.068769	7636.740233
2	64	105317792	38.484346	1.149021	14.508205	880.765316	0.200581	0.006995	0.065229	7636.110414
2	62	96325682	0.000269	1.526379	25.395646	1411.170766	0.222402	0.08405	0.054862	7592.046499
2	86	124304419	1.242456	1.166271	27.050065	177.345585	0.035634	0.001061	0.037487	7608.842479
2	120	103026426	12.508091	1.421695	17.91263	755.81405	0.178179	0.032012	0.059393	7635.886391
2	118	39315219	36.545837	0.902485	19.226953	372.778067	0.048168	0.004261	0.094425	7691.634934
2	54	39605497	48.415747	1.007447	15.962168	443.479996	0.057074	0.062821	0.118507	7688.123611
2	48	103616010	25.011326	1.182579	18.828963	695.659248	0.093697	0.153497	0.016046	7571.370197
2	44	112743882	25.511721	1.166621	18.341985	1358.749784	0.24443	0.130863	0.00913	7578.744991
2	76	49964763	37.818671	0.998888	14.438726	534.475018	0.044487	0.270091	0.020815	7577.914216
2	56	71702421	0.494326	1.366124	20.736519	290.368467	0.082469	0.044983	0.031222	7598.280771
2	116	85189255	12.22555	1.39873	19.43372	943.070699	0.20533	0.001042	0.07561	7640.606234
2	110	78685692	37.641017	1.138856	15.318789	878.548326	0.168255	0.084249	0.047402	7601.281588
2	70	103830407	13.950017	1.2116	20.099834	559.762353	0.047138	0.17922	0.001132	7568.942635
2	100	77849901	16.510107	1.295092	21.114371	970.748213	0.132115	0.151912	0.013704	7564.570488
2	96	71837101	22.207586	1.257841	22.098184	1000.880572	0.106807	0.165364	0.040514	7574.998197
2	114	103185844	31.331662	0.938478	20.956818	317.882627	0.031817	0.039033	0.093297	7696.463249
2	50	106450442	21.796868	1.130889	25.105911	421.813472	0.022947	0.059099	0.117132	7683.39993
2	65	104406538	0.024193	1.507349	23.395192	773.149861	0.159667	0.001003	0.085043	7636.123823
2	88	44650446	16.878253	1.292968	21.388014	873.362564	0.109453	0.145806	0.021398	7567.019133
2	84	96530060	14.302833	1.341867	21.327169	1247.897925	0.211984	0.108442	0.029743	7578.946933
2	90	118255930	28.238849	1.151238	19.35881	714.769739	0.076567	0.16308	0.035858	7577.909248
2	98	47413521	51.751634	0.920386	13.429412	480.875491	0.087211	0.007981	0.08201	7658.93594
2	46	70072401	33.668074	1.014989	18.894014	452.520336	0.066174	0.002511	0.091727	7674.850767
2	94	91668376	37.066173	1.069223	17.221258	658.463601	0.070561	0.190278	0.046019	7578.166743
2	42	50737341	27.015185	1.267007	20.275768	929.417765	0.147634	0.072289	0.070076	7622.760267
2	80	71626088	35.480348	0.989365	17.851885	1561.369694	0.215363	0.16611	0.026369	7584.907944
2	58	69810027	27.37735	1.164982	19.199702	843.516491	0.098659	0.181309	0.019912	7566.175819
2	59	110465211	48.803939	0.954805	14.132803	683.442196	0.0782	0.231885	0.06083	7585.163363
2	52	48352577	31.750596	0.97302	18.318103	1954.648471	0.259845	0.153055	0.031708	7603.667588
2	81	96257713	0.021278	1.392861	23.636169	383.880353	0.074703	0.059345	0.034755	7596.734116
2	107	130584057	31.645741	1.142644	14.301293	574.005786	0.139042	0.02233	0.045738	7656.322034
2	106	110150141	27.178338	1.179743	18.180039	1053.925427	0.163313	0.143381	0.018168	7570.175809
2	102	54714149	0.003643	1.606545	13.162725	744.581863	0.324936	0.069158	0.01786	7582.118902
2	61	43129747	20.278882	1.237359	21.330264	782.747437	0.075873	0.181021	0.021373	7567.360751
2	111	126153399	39.667535	1.087003	15.341165	1132.919244	0.212591	0.059673	0.051752	7621.202715
2	104	79649219	44.286297	1.001409	15.293851	734.614389	0.08101	0.236668	0.050415	7580.335705
2	67	55447474	60.745422	0.849313	11.546608	409.977814	0.073342	0.002351	0.102546	7660.005401
2	119	111778560	28.386772	1.236471	12.9784	590.195443	0.179927	0.023073	0.039072	7648.293476
2	71	75705918	12.946739	1.36754	22.33909	1025.349366	0.14709	0.12834	0.028618	7572.78802
2	73	111953223	15.821692	1.267338	20.602562	827.717396	0.095141	0.176978	0.001361	7560.30079
2	43	67299623	25.883025	1.073028	16.663633	440.594077	0.100019	0.006195	0.044805	7675.177133
2	117	59432863	0.026541	1.664133	11.147481	1228.399024	0.715774	0.009926	0.045452	7607.682352
2	63	38637439	36.595403	1.054954	17.335389	1069.71124	0.148093	0.167456	0.028588	7570.538922
2	77	29122751	11.749632	1.448539	16.229887	1042.102522	0.282981	0.00683	0.062176	7634.453952
2	113	121871275	38.536809	0.975553	17.14404	1974.392126	0.334132	0.001	0.062472	7692.760546
2	85	73238607	31.541805	1.187408	17.412233	1044.822754	0.203043	0.004589	0.075605	7641.790179
2	109	74335265	12.398108	1.270144	29.574613	520.246665	0.042995	0.015678	0.117756	7685.815079
2	126	109523229	39.118148	1.070772	18.957147	749.293206	0.116265	0.0193	0.08841	7658.328748
2	47	112782756	1.491698	1.172012	25.159022	3143.877607	0.373363	0.122301	0.050432	7635.263915
2	69	74030015	29.693924	1.149659	20.430534	1279.563696	0.20279	0.095558	0.049307	7602.728548
2	89	86815327	29.014195	1.204341	16.129319	687.153354	0.148867	0.009207	0.066631	7646.587454
2	53	56773835	26.891243	1.132154	19.882608	1445.02859	0.202873	0.137915	0.03092	7584.003718
2	115	46562013	29.311824	1.104212	19.392142	1343.160595	0.185284	0.16564	0.020981	7579.160314
2	55	98199073	8.931619	1.427004	24.508194	968.673663	0.160911	0.025285	0.084366	7643.953452
2	83	42916017	25.550992	1.110718	21.496235	474.952539	0.065376	0.032985	0.076983	7672.101944
2	49	25602507	0.000196	1.529184	24.700787	1146.51248	0.163754	0.121415	0.029917	7567.165277
2	125	36608674	0.002389	1.414484	27.815588	401.779379	0.057718	0.040343	0.062062	7614.236069
2	99	102158475	33.916075	1.177848	16.755558	933.540157	0.181005	0.016666	0.072039	7637.563711
2	41	36282470	23.247073	1.082161	24.23839	506.716722	0.059256	0.003213	0.095783	7683.670102
2	45	113620201	41.144373	0.72507	14.480801	214.441626	0.01078	0.085494	0.122644	7712.46481
2	79	125286913	2.150355	1.565694	27.764059	1005.285804	0.129726	0.030799	0.106111	7652.569886
2	92	64465126	19.342718	1.271003	20.539372	1091.070982	0.160905	0.13462	0.022388	7570.253711
2	127	58859223	15.99492	1.342837	26.241237	619.018294	0.067212	0.0216	0.122582	7680.768624
2	142	108776939	4.741092	1.132792	25.421924	167.481473	0.030766	0.022751	0.036452	7619.134547
2	93	73825942	32.948705	1.098724	17.444001	693.075072	0.071197	0.213585	0.024198	7569.496893
2	130	100909313	13.954378	1.262234	22.806796	2111.984735	0.323661	0.001702	0.09385	7688.297797
2	97	127116502	28.697294	1.155169	18.544379	1094.278098	0.170333	0.140005	0.021062	7574.344714
2	121	99601479	14.714527	1.157949	28.445436	416.810748	0.037777	0.020394	0.095276	7674.490032
2	122	40750732	19.641008	1.264745	20.607284	928.417938	0.136645	0.127498	0.02343	7575.614324
2	105	125482116	4.040643	1.2248	22.641816	284.952239	0.069931	0.002552	0.044993	7631.591966
2	51	84770828	0.522722	1.4178	28.426534	597.609301	0.090968	0.006365	0.086286	7644.225958
2	153	50773491	25.466076	1.279178	19.297175	820.674139	0.143001	0.023709	0.083484	7644.930178
2	57	52194105	18.197818	1.256872	21.381125	806.145242	0.10111	0.144869	0.019567	7569.297732
2	154	121326977	4.274125	1.37842	24.095562	574.400846	0.112935	0.027438	0.058346	7634.488704
2	101	39013295	20.047808	1.230835	22.678862	842.320334	0.083562	0.159453	0.032259	7577.92094
2	75	118095469	33.877003	1.104605	18.106283	994.756062	0.139465	0.150344	0.034032	7573.458731
2	103	31322310	26.848594	1.197217	18.403898	876.015731	0.129134	0.144941	0.022213	7570.96135
2	87	110406835	53.939361	0.89726	12.703419	745.181278	0.101548	0.237817	0.061283	7581.364111
2	124	38600086	35.917915	0.915205	15.737347	360.610779	0.070089	0.001934	0.052686	7687.104673
2	137	48060097	0.183509	1.585072	17.456262	1119.219183	0.340955	0.001242	0.070808	7620.028141
2	123	81058979	0.050538	1.493771	21.752605	786.711051	0.143062	0.115841	0.010869	7556.873853
2	140	102725636	0.000014	1.597841	13.002052	745.994873	0.347137	0.01328	0.046528	7610.951322
2	134	84487983	38.662503	1.055802	17.794396	870.596903	0.101387	0.179782	0.050061	7575.58076
2	141	55829043	33.628868	1.209379	14.391345	956.721642	0.223101	0.038071	0.049273	7628.600083
2	95	91394933	47.745123	1.015956	14.886071	725.736612	0.101941	0.157044	0.069179	7589.23122
2	151	83896659	15.345748	1.075227	21.892531	2724.402844	0.370672	0.11801	0.03705	7623.049941
2	128	53621492	30.089767	1.131964	18.936606	1128.567858	0.139353	0.176734	0.028447	7574.206246
2	144	59287295	17.352733	1.271022	22.121143	819.459572	0.071263	0.183833	0.023186	7571.666176
2	139	118238458	41.79396	1.028263	15.325635	797.45949	0.115187	0.164733	0.036918	7574.334177
2	143	57866285	20.002446	0.951624	20.314503	252.495106	0.048731	0.033863	0.027074	7692.502179
2	129	75562665	31.25561	1.200386	19.56246	830.412118	0.1415	0.005943	0.096427	7649.54365
2	138	82211794	54.721305	0.79071	11.585989	224.25657	0.014731	0.076091	0.217715	7744.765886
2	132	94349857	0.000597	1.560331	24.924254	1354.072164	0.205932	0.093449	0.057134	7593.759776
2	148	38787497	33.294316	1.013391	18.919947	461.919123	0.067377	0.007455	0.086743	7675.172686
2	155	73485860	20.377094	1.23706	21.192832	828.037282	0.079685	0.186678	0.019922	7565.62414
2	135	130456054	27.219461	1.196202	21.796558	1053.864227	0.110496	0.163368	0.05317	7583.550417
2	160	76315375	20.832066	1.285351	25.705963	1108.805427	0.125346	0.019882	0.124715	7682.2694
2	152	102591336	26.748075	1.199896	19.237325	850.639404	0.116549	0.140718	0.031996	7573.400063
2	158	100085609	0.537365	1.458975	21.224519	808.086081	0.150268	0.116371	0.0061	7555.332969
2	133	129507459	31.513061	1.148014	17.590493	666.020689	0.076172	0.168338	0.040216	7580.380233
2	136	81076443	32.532842	1.14306	18.510666	887.384209	0.104352	0.183612	0.036968	7575.038329
2	91	86147767	48.361777	0.965843	14.115	672.669471	0.084882	0.206235	0.056793	7581.054769
2	147	88187182	19.978936	1.249074	20.182892	1191.053201	0.18544	0.139763	0.015792	7574.315607
2	149	84717132	30.966875	1.064505	17.897994	1415.540509	0.225158	0.150906	0.009038	7580.784782
2	145	87502396	32.0155	1.187689	18.578718	1044.715225	0.171284	0.021857	0.084881	7645.562745
2	150	132695278	2.241642	1.522172	20.018569	1342.416214	0.310342	0.069606	0.041245	7592.845225
2	146	54098636	59.417027	0.889756	12.462988	738.802399	0.15177	0.008207	0.070644	7634.461151
2	159	43993508	31.600499	1.164342	20.171408	964.962234	0.106899	0.155472	0.059363	7586.387117
2	131	89172773	41.119185	1.113878	13.195338	777.822935	0.186109	0.001519	0.061403	7639.995441
2	156	119830518	35.074651	1.081185	18.387828	1073.625953	0.145648	0.131732	0.045747	7582.218263
2	157	134325135	14.226071	1.325454	23.831313	833.130894	0.091721	0.148248	0.028221	7574.567126
