1.000000	25.000000	81208490.000000	40.234718	1.516040	31.483405	1800.845456	0.305181	0.002275	0.134947	10294.537543
1.000000	27.000000	81403142.000000	34.290902	1.559426	34.091561	2134.085778	0.304089	0.014348	0.153580	10279.924665
1.000000	7.000000	79406012.000000	41.157026	1.884553	37.443348	676.055649	0.068576	0.127408	0.207135	10274.905197
1.000000	23.000000	81008504.000000	5.310086	1.819867	35.737283	1370.886652	0.276804	0.029243	0.091203	10244.307343
1.000000	17.000000	80412080.000000	34.555898	1.393914	38.150020	804.540056	0.081761	0.123186	0.086398	10234.940069
1.000000	9.000000	79612788.000000	44.758983	1.260882	28.047409	989.739958	0.184885	0.010364	0.082005	10291.694127
1.000000	31.000000	81812740.000000	57.659452	1.104283	26.115048	920.346382	0.166436	0.001311	0.092174	10299.874765
1.000000	20.000000	80710835.000000	45.927258	1.210016	33.494721	1220.250227	0.155047	0.108685	0.091398	10249.217669
1.000000	39.000000	82602609.000000	23.420591	2.261191	35.543466	486.245599	0.020481	0.175082	0.160910	10219.098396
1.000000	34.000000	82112912.000000	48.636983	1.275679	33.391088	1284.897415	0.157858	0.075349	0.133939	10272.690166
1.000000	30.000000	81711929.000000	40.632378	1.206794	33.183446	2215.541954	0.297625	0.101880	0.080996	10242.291744
1.000000	19.000000	80603786.000000	39.959856	1.125814	29.038332	2974.893597	0.451749	0.208846	0.012986	10225.111260
1.000000	10.000000	79711850.000000	27.389783	1.398608	38.305457	1273.434608	0.174237	0.105965	0.057019	10234.846857
1.000000	21.000000	80806721.000000	69.112489	2.528351	23.962995	5118.701722	0.711454	0.954824	0.824026	10215.722271
1.000000	22.000000	80909339.000000	56.159954	1.738829	24.540245	1460.539606	0.187835	0.866824	0.079362	10249.499484
1.000000	6.000000	79302749.000000	42.093129	1.147244	32.611588	1350.791185	0.177340	0.139780	0.049469	10234.345231
1.000000	18.000000	80510772.000000	37.440191	1.633538	35.959174	2192.686183	0.269119	0.056338	0.194989	10278.367176
1.000000	8.000000	79504612.000000	3.720131	1.496594	30.522079	98.992188	0.007624	0.009560	0.085769	10151.253356
1.000000	5.000000	79203220.000000	41.879379	1.256081	33.343480	924.744362	0.105668	0.171903	0.061441	10241.342694
1.000000	12.000000	79911038.000000	53.727637	1.177359	28.676813	2380.686693	0.423654	0.001262	0.096352	10278.047541
1.000000	1.000000	78802629.000000	48.573420	1.058964	27.991255	2342.836163	0.347537	0.236791	0.023591	10224.268513
1.000000	29.000000	81607530.000000	36.473581	1.220268	32.403390	2067.612240	0.280503	0.169262	0.038247	10227.465095
1.000000	38.000000	82504681.000000	47.429751	1.353145	30.061127	844.085088	0.136755	0.003958	0.130859	10302.995563
1.000000	13.000000	80013136.000000	50.656906	1.022794	30.383121	1467.458686	0.196957	0.096426	0.071694	10243.035753
1.000000	33.000000	82002823.000000	27.422310	1.848205	35.579433	466.880183	0.029045	0.161946	0.125682	10217.392094
1.000000	15.000000	80203246.000000	59.545405	1.075726	29.091345	1318.875288	0.198209	0.064745	0.113126	10262.931731
1.000000	11.000000	79804679.000000	0.003662	1.773535	37.393799	271.312500	0.022777	0.089821	0.038650	10141.594984
1.000000	24.000000	81109077.000000	3.872920	1.680661	36.966377	412.842066	0.029753	0.155335	0.001539	10162.560973
1.000000	14.000000	80103633.000000	49.491057	1.282778	26.228345	463.521255	0.080396	0.003347	0.126049	10318.016193
1.000000	36.000000	82307447.000000	22.453994	1.399207	38.090593	1531.617767	0.205797	0.145446	0.028286	10225.967507
1.000000	35.000000	82202594.000000	67.116416	0.981234	22.537250	1926.714941	0.275364	0.984065	0.135758	10228.593343
1.000000	4.000000	79110309.000000	32.666910	1.238476	25.409724	244.140696	0.049518	0.006457	0.084145	10330.479042
1.000000	90.000000	70324205.000000	42.008330	1.218352	34.598910	1206.851467	0.152013	0.133881	0.068802	10244.534388
1.000000	54.000000	57331548.000000	0.000000	2.125323	40.946630	438.967953	0.038249	0.116779	0.059785	10151.044748
1.000000	40.000000	82703260.000000	11.075225	1.561336	43.163975	1370.933780	0.163589	0.112622	0.046162	10213.046538
1.000000	26.000000	81313191.000000	34.004767	1.365375	28.208634	800.800759	0.168759	0.017887	0.066368	10299.813748
1.000000	94.000000	59444323.000000	41.253993	1.256405	35.903354	1456.510859	0.179783	0.114118	0.096495	10255.537456
1.000000	3.000000	79002914.000000	8.456504	1.616256	38.376209	1003.951319	0.146893	0.142303	0.009017	10205.040218
1.000000	74.000000	105315411.000000	57.165953	1.157051	29.133947	1115.750076	0.157712	0.109542	0.118894	10258.889214
1.000000	28.000000	81512311.000000	0.000010	1.750482	37.762314	527.591919	0.073928	0.134982	0.003934	10153.869567
1.000000	2.000000	78902718.000000	19.550143	1.537111	39.753667	1167.497581	0.142036	0.177592	0.021240	10225.601296
1.000000	16.000000	80303457.000000	45.814787	1.101683	29.846251	935.376449	0.124051	0.169153	0.037293	10237.674083
1.000000	100.000000	76075519.000000	49.207455	1.864211	28.145353	1454.315252	0.169025	0.499404	0.111067	10255.062478
1.000000	86.000000	100236300.000000	14.794017	1.517124	42.428427	1867.268114	0.251430	0.099750	0.065570	10228.904542
1.000000	37.000000	82408985.000000	69.982877	0.612802	22.079952	1447.803993	0.253426	0.233293	0.001141	10227.573507
1.000000	108.000000	71547224.000000	2.696374	2.013664	30.549407	613.087812	0.146987	0.049315	0.085614	10212.300442
1.000000	32.000000	81909333.000000	14.943661	1.669609	40.513363	491.906607	0.046365	0.133249	0.049278	10187.888496
1.000000	58.000000	25247734.000000	13.059322	1.501513	41.368742	1606.265930	0.222720	0.117055	0.038027	10222.551096
1.000000	118.000000	46429039.000000	4.469115	2.272118	43.698713	522.298496	0.038689	0.164036	0.059310	10187.483105
1.000000	50.000000	66093607.000000	35.180276	1.215158	35.546877	2241.471791	0.285786	0.097773	0.077535	10243.348109
1.000000	102.000000	33460628.000000	44.192399	1.103132	30.262343	890.864589	0.123989	0.152865	0.032035	10235.917960
1.000000	52.000000	94169391.000000	43.173524	1.049434	29.786206	2046.984062	0.311515	0.115572	0.031289	10231.784294
1.000000	64.000000	78017877.000000	12.656639	1.489621	36.953087	2015.247683	0.339606	0.128702	0.019790	10223.552961
1.000000	98.000000	111405428.000000	12.855232	1.720575	43.699742	807.969949	0.059889	0.140389	0.057427	10199.623632
1.000000	56.000000	28688987.000000	36.092184	1.295093	37.409490	1161.231928	0.145386	0.104599	0.072964	10245.280823
1.000000	62.000000	99228417.000000	40.608480	1.189186	34.399081	1560.486492	0.205182	0.101097	0.070417	10245.118996
1.000000	84.000000	93444793.000000	33.817082	1.374237	38.237513	1451.900941	0.170648	0.112230	0.088064	10243.593527
1.000000	80.000000	38871473.000000	67.844830	0.833204	21.033350	771.951532	0.123857	0.197999	0.083198	10247.031641
1.000000	76.000000	114763232.000000	51.923323	1.050711	28.775703	1434.034105	0.176879	0.163599	0.077458	10247.282186
1.000000	66.000000	20731238.000000	38.172495	1.315772	34.301757	739.918761	0.066129	0.172921	0.067347	10239.960933
1.000000	82.000000	75963727.000000	0.003646	2.231866	43.556572	623.966664	0.052079	0.131751	0.070736	10163.828787
1.000000	88.000000	24115986.000000	24.224530	1.411426	38.966556	1392.955955	0.172910	0.153220	0.035682	10231.727856
1.000000	78.000000	47780387.000000	0.005583	2.181593	48.231119	910.082583	0.075327	0.131030	0.082211	10172.091465
1.000000	60.000000	59815832.000000	3.910786	1.518248	34.787804	189.662456	0.027308	0.089286	0.019495	10150.309557
1.000000	70.000000	76028201.000000	45.517657	1.105650	29.252311	628.885127	0.071352	0.186448	0.042169	10247.458393
1.000000	112.000000	40482222.000000	25.387233	1.801550	41.892036	701.864006	0.052826	0.141316	0.118772	10217.774162
1.000000	120.000000	52826723.000000	23.468474	1.375318	40.260910	1437.665068	0.180949	0.120457	0.045583	10231.036842
1.000000	106.000000	48500248.000000	38.416996	1.687261	31.181235	2273.940090	0.256657	0.407442	0.077461	10245.686125
1.000000	92.000000	55820180.000000	29.029019	1.307787	34.619993	1540.822511	0.234168	0.155008	0.016873	10233.695580
1.000000	48.000000	89272268.000000	39.331514	1.566380	33.032828	476.213216	0.037830	0.159849	0.138159	10238.830982
1.000000	72.000000	73833981.000000	14.632249	1.680209	32.658740	1839.547922	0.403199	0.003832	0.093649	10273.347253
1.000000	53.000000	40945342.000000	18.012265	1.427375	39.038044	2153.589870	0.293331	0.127382	0.046149	10228.169798
1.000000	89.000000	42140333.000000	44.971383	1.238951	24.797130	945.209730	0.223090	0.009970	0.056098	10302.874315
1.000000	46.000000	49127985.000000	25.276464	1.537660	42.786656	1062.707102	0.114212	0.086041	0.102823	10240.006973
1.000000	44.000000	36409104.000000	13.725586	1.673437	35.095215	1476.625000	0.280810	0.020568	0.091178	10267.114826
1.000000	85.000000	100428678.000000	24.676912	1.324822	34.652311	2959.300859	0.432805	0.088300	0.062963	10233.293406
1.000000	116.000000	121255794.000000	1.199544	1.690838	36.362358	338.452868	0.047880	0.085851	0.034080	10162.353869
1.000000	68.000000	29112620.000000	22.062297	1.653029	43.177680	844.106603	0.065748	0.145899	0.082491	10213.891465
1.000000	99.000000	80102631.000000	55.294176	0.937983	28.453076	2434.561409	0.338363	0.127452	0.071955	10231.594698
1.000000	104.000000	95850674.000000	1.741316	2.802078	43.898739	1248.503157	0.158621	0.026163	0.252389	10261.497526
1.000000	110.000000	71272946.000000	0.000038	1.667670	29.722247	1052.571986	0.305206	0.092287	0.005537	10204.909937
1.000000	107.000000	53038953.000000	40.153422	1.395955	34.713250	824.985225	0.077872	0.155642	0.097882	10248.474368
1.000000	96.000000	114325968.000000	7.295029	1.481325	40.548951	2158.987768	0.293261	0.119338	0.032761	10223.604308
1.000000	93.000000	32549013.000000	11.891988	1.649562	45.613231	1617.316884	0.181489	0.101993	0.081833	10224.826142
1.000000	73.000000	72915821.000000	35.189787	1.459761	35.269954	579.813175	0.041815	0.153853	0.102876	10231.936547
1.000000	63.000000	65673847.000000	38.298835	1.457757	37.130027	1198.439738	0.131304	0.092165	0.129654	10263.287981
1.000000	114.000000	46082775.000000	0.019103	1.987224	40.029404	373.277783	0.029327	0.105593	0.054228	10140.342876
1.000000	49.000000	72905283.000000	0.000519	2.030148	39.647208	430.746236	0.043309	0.123339	0.042263	10149.662017
1.000000	97.000000	116570410.000000	18.712177	1.693237	39.164670	1274.281517	0.213031	0.043202	0.105188	10261.739940
1.000000	55.000000	17911740.000000	48.114706	1.058962	29.329536	1402.615125	0.193229	0.178720	0.039568	10233.547421
1.000000	101.000000	86719398.000000	36.328957	1.413144	37.958237	641.794981	0.060531	0.124086	0.106208	10243.327719
1.000000	57.000000	110844920.000000	1.495508	2.002355	41.681587	1013.566401	0.093047	0.221112	0.005284	10190.418890
1.000000	69.000000	17427981.000000	0.003662	2.800684	31.980591	263.656250	0.009602	0.001446	0.265433	10130.549144
1.000000	117.000000	99541222.000000	46.501066	1.084659	30.828070	1163.360628	0.159908	0.111475	0.057243	10240.144063
1.000000	119.000000	114699897.000000	23.421697	1.409925	38.406578	1728.346299	0.223796	0.112990	0.056325	10229.002241
1.000000	83.000000	59379444.000000	26.704844	1.580855	38.730879	640.117453	0.047589	0.185243	0.064191	10210.345203
1.000000	87.000000	99109058.000000	51.948904	1.178342	30.214673	1730.602732	0.220939	0.151196	0.111621	10250.804336
1.000000	59.000000	109168043.000000	14.400865	1.509678	40.062495	2470.398568	0.322587	0.086420	0.080447	10235.764209
1.000000	42.000000	95816233.000000	6.480760	1.315842	31.573261	187.738912	0.018426	0.103807	0.003087	10156.731610
1.000000	105.000000	120052970.000000	39.797261	1.263295	33.178222	646.717217	0.058152	0.170237	0.067942	10233.213313
1.000000	65.000000	76546496.000000	21.921966	1.415152	41.809133	1164.028744	0.131135	0.124947	0.048750	10228.723366
1.000000	61.000000	49097840.000000	37.969284	1.138617	32.047732	1761.720596	0.266754	0.098728	0.039664	10232.776323
1.000000	51.000000	96149906.000000	14.165752	1.675135	34.529783	307.291955	0.012857	0.162906	0.037478	10183.662259
1.000000	121.000000	30642247.000000	0.015397	2.094887	42.519088	705.906562	0.076238	0.113122	0.071272	10163.235574
1.000000	91.000000	37701127.000000	27.264867	1.340970	38.018805	1266.501505	0.165449	0.116685	0.044486	10231.496220
1.000000	47.000000	53236297.000000	35.409857	1.260531	36.611662	930.542796	0.119867	0.120069	0.052730	10240.533695
1.000000	81.000000	78295479.000000	37.920562	1.504399	33.407795	584.745177	0.039179	0.173509	0.121418	10235.136198
1.000000	71.000000	82681020.000000	37.257167	1.486072	36.040785	1609.043077	0.236716	0.038446	0.139373	10275.503899
1.000000	77.000000	60685446.000000	14.483094	1.495434	40.856809	1465.772646	0.189253	0.121429	0.036279	10221.400825
1.000000	79.000000	87883340.000000	59.907480	0.881753	24.046503	816.458691	0.120387	0.212094	0.046140	10242.798071
1.000000	67.000000	76703542.000000	34.655874	1.289768	28.428052	403.565286	0.024144	0.221378	0.048683	10228.230506
1.000000	111.000000	33788434.000000	30.414380	1.344940	38.752339	1318.718311	0.145838	0.130176	0.063910	10238.604325
1.000000	130.000000	103424601.000000	2.081031	1.844714	26.402142	2071.631861	0.771167	0.001246	0.074881	10255.927950
1.000000	103.000000	83977480.000000	32.174332	1.304473	37.154137	1391.446934	0.175585	0.099457	0.066280	10239.451381
1.000000	123.000000	30467838.000000	19.677559	1.526582	40.548053	685.634429	0.061438	0.162384	0.033017	10201.614483
1.000000	109.000000	99980611.000000	18.615181	1.331105	34.749624	2949.066993	0.452610	0.118868	0.030599	10223.596984
1.000000	45.000000	32476195.000000	39.936497	1.173225	31.925350	889.880053	0.115840	0.165264	0.029259	10236.957338
1.000000	139.000000	47878887.000000	47.299719	1.287093	31.907851	2306.532806	0.312564	0.102821	0.126025	10253.549231
1.000000	75.000000	42822932.000000	36.313559	1.180391	32.769885	1783.059639	0.236439	0.159607	0.034583	10230.211099
1.000000	113.000000	112246110.000000	20.139195	1.435965	37.645782	1897.373498	0.288349	0.120815	0.037091	10232.893686
1.000000	125.000000	116026784.000000	27.712066	1.876382	43.390820	921.935008	0.067614	0.129006	0.161568	10239.425095
1.000000	131.000000	91578332.000000	0.769270	1.736981	40.315344	1236.645720	0.206540	0.120019	0.025342	10196.154601
1.000000	140.000000	34159505.000000	49.919972	1.395886	29.812232	748.472184	0.110606	0.003909	0.158979	10317.049182
1.000000	95.000000	109045955.000000	31.933895	1.331502	38.604587	934.859176	0.112091	0.125057	0.056468	10229.645287
1.000000	43.000000	42215656.000000	3.491279	1.446276	23.049477	60.477674	0.006396	0.006256	0.078333	10102.200114
1.000000	115.000000	72244943.000000	45.590080	1.095540	31.013241	1793.014818	0.277211	0.085960	0.056524	10236.671714
1.000000	138.000000	68462465.000000	49.700272	1.165014	31.478789	1640.759693	0.227137	0.103645	0.093800	10248.447091
1.000000	153.000000	26151251.000000	2.141387	1.925333	29.046374	987.494213	0.313929	0.017530	0.086184	10233.264589
1.000000	127.000000	82284928.000000	0.000000	2.411202	35.949371	201.586365	0.006641	0.077766	0.115434	10147.314019
1.000000	152.000000	93313144.000000	33.973984	1.733068	35.764195	2652.581470	0.299926	0.113995	0.190191	10274.243552
1.000000	124.000000	63173616.000000	14.038685	1.510274	37.084905	1189.122472	0.161125	0.163837	0.001323	10221.472134
1.000000	126.000000	117247468.000000	0.001468	1.941358	25.938554	1613.837006	0.635577	0.001051	0.084046	10256.438930
1.000000	148.000000	54565424.000000	44.365882	1.225148	33.712268	1504.158916	0.174914	0.105074	0.108870	10258.307265
1.000000	142.000000	102051159.000000	38.261898	1.214435	34.865458	892.419236	0.114435	0.127956	0.049568	10236.150140
1.000000	122.000000	73600852.000000	48.313103	1.177967	29.193830	593.743443	0.064979	0.161035	0.082118	10248.288319
1.000000	129.000000	91007294.000000	27.807311	1.352140	38.171262	1796.879086	0.224269	0.130310	0.060110	10237.558089
1.000000	145.000000	75915447.000000	35.443594	1.622350	38.219506	690.747105	0.058362	0.126405	0.139598	10244.856667
1.000000	144.000000	83648524.000000	19.346252	1.518237	41.780886	840.483608	0.108034	0.133820	0.037282	10221.371733
1.000000	160.000000	78320486.000000	19.191284	1.479443	34.087982	905.031250	0.180898	0.080231	0.032487	10248.157861
1.000000	136.000000	104843290.000000	26.369408	1.302607	36.150385	1614.870035	0.231847	0.101262	0.038878	10235.365256
1.000000	128.000000	76988884.000000	36.397198	1.197346	32.475714	1848.667023	0.254098	0.186508	0.027286	10232.930694
1.000000	41.000000	56353684.000000	46.068739	1.491749	27.436069	2490.403456	0.325313	0.650828	0.022931	10229.450020
1.000000	158.000000	123331581.000000	62.994051	1.089492	24.047193	2040.315207	0.277856	0.557626	0.130490	10230.944179
1.000000	154.000000	85236018.000000	34.088206	1.409357	33.644645	1457.728625	0.176674	0.245027	0.030603	10236.311706
1.000000	133.000000	58655655.000000	19.466883	1.501641	37.114462	465.114519	0.045365	0.129878	0.041898	10199.662163
1.000000	151.000000	103845551.000000	28.876388	1.482243	39.065629	1655.324043	0.180761	0.132330	0.087700	10248.976251
1.000000	132.000000	48103453.000000	33.491418	1.271765	34.208957	1764.504259	0.278845	0.059832	0.064351	10250.663497
1.000000	159.000000	106830698.000000	38.177400	1.186644	31.990509	1274.045584	0.178050	0.172064	0.019679	10232.007248
1.000000	150.000000	107086996.000000	5.070872	1.405840	29.493050	101.833471	0.007031	0.001488	0.084304	10130.589450
1.000000	134.000000	112236561.000000	62.169544	1.081998	19.589221	515.540817	0.069749	0.258582	0.107509	10270.206382
1.000000	147.000000	94398086.000000	4.744441	1.280878	28.176802	72.283524	0.013997	0.015675	0.048107	10149.306860
1.000000	155.000000	31637460.000000	7.324980	2.194816	47.709369	883.721409	0.053905	0.158868	0.092844	10190.076215
1.000000	137.000000	26369393.000000	25.617187	1.385036	37.917775	1072.708819	0.127357	0.153535	0.028866	10228.654774
1.000000	149.000000	85857795.000000	26.049172	1.337307	37.754696	947.562263	0.110109	0.140005	0.028425	10227.697319
1.000000	156.000000	53280835.000000	68.033944	0.911032	27.585690	1904.588150	0.273418	0.002188	0.115964	10281.449116
1.000000	135.000000	34707448.000000	3.439555	1.615972	37.098870	473.236694	0.061307	0.132269	0.001097	10155.763622
1.000000	146.000000	53060883.000000	61.421441	0.752787	22.963266	2191.014564	0.294674	0.799922	0.022962	10231.761489
1.000000	141.000000	107326385.000000	49.730478	1.237874	29.380346	577.784471	0.062908	0.151054	0.106489	10257.450744
1.000000	157.000000	55825558.000000	51.555984	0.989853	25.321176	1162.377263	0.173215	0.274459	0.001876	10236.614561
1.000000	143.000000	92845621.000000	20.455669	1.357875	35.811106	463.056219	0.047300	0.156544	0.007862	10197.571023
1.000000	25.000000	63980766.000000	38.749463	1.380810	34.418098	2296.660761	0.313943	0.078914	0.119531	10254.861873
1.000000	35.000000	64981379.000000	38.741455	1.330273	17.894287	355.531250	0.137079	0.026656	0.040221	10350.183585
1.000000	18.000000	63275601.000000	54.796511	1.171256	27.476650	940.265982	0.171063	0.001690	0.099691	10297.627254
1.000000	7.000000	62174745.000000	30.791540	1.527216	40.752163	798.307732	0.091162	0.087279	0.107524	10248.282999
1.000000	1.000000	61578483.000000	0.000569	2.126165	40.895471	636.550991	0.071273	0.089387	0.088165	10167.593189
1.000000	17.000000	63178257.000000	48.115746	1.314826	28.563596	804.627848	0.139182	0.001000	0.117991	10304.567646
1.000000	34.000000	64881588.000000	41.391384	1.187147	32.915616	777.611949	0.090322	0.130994	0.057963	10240.872593
1.000000	22.000000	63674797.000000	45.921614	1.256733	33.154679	1359.465308	0.171653	0.132213	0.095621	10250.395491
1.000000	15.000000	62978254.000000	0.000000	2.202060	45.938881	857.479585	0.084576	0.117466	0.088562	10171.259014
1.000000	37.000000	65178381.000000	43.142183	1.254880	27.899673	1140.801986	0.239699	0.026100	0.063225	10285.608006
1.000000	21.000000	63578470.000000	24.968173	1.564832	35.614965	466.301928	0.033274	0.163987	0.063292	10205.776772
1.000000	26.000000	64079358.000000	0.000001	2.168877	41.323844	430.263908	0.030372	0.161810	0.026563	10166.480668
1.000000	14.000000	62871556.000000	0.029265	2.115042	44.938073	734.751566	0.080424	0.112368	0.075798	10163.951774
1.000000	13.000000	62781237.000000	64.527173	0.844085	24.571301	1622.700242	0.232087	0.229390	0.078806	10228.765396
1.000000	6.000000	62072083.000000	0.000000	1.840679	38.759998	566.527411	0.055538	0.164566	0.001030	10156.617084
1.000000	38.000000	65278112.000000	41.382105	1.238351	34.844564	831.661109	0.099208	0.113549	0.078398	10246.581232
1.000000	32.000000	64673163.000000	45.514865	1.314409	32.332266	1976.210095	0.241504	0.133232	0.119676	10253.840055
1.000000	2.000000	61678191.000000	36.808540	1.149232	28.673739	570.318510	0.070494	0.176493	0.006579	10238.863078
1.000000	23.000000	63781703.000000	43.831423	1.311316	28.458299	422.690773	0.032333	0.185450	0.111551	10245.789772
1.000000	29.000000	64379180.000000	34.840544	1.310338	36.699924	659.659005	0.060266	0.146923	0.068013	10232.243094
1.000000	9.000000	62379674.000000	32.937080	1.401616	34.960054	500.388541	0.040102	0.164379	0.073012	10222.880698
1.000000	39.000000	65380433.000000	37.852982	1.182045	35.113146	1527.241626	0.205193	0.114033	0.055966	10239.616165
1.000000	11.000000	62571557.000000	15.266027	1.551210	40.807573	888.473808	0.090411	0.156552	0.022814	10205.205146
1.000000	19.000000	63379730.000000	19.057304	1.520175	37.267754	438.353523	0.038890	0.153266	0.031965	10192.410198
1.000000	5.000000	61980035.000000	49.415260	1.052682	28.730067	888.226374	0.130646	0.137607	0.043582	10241.156445
1.000000	10.000000	62480761.000000	0.936928	1.785357	39.433067	644.415874	0.082322	0.128136	0.019031	10155.013166
1.000000	33.000000	64781694.000000	47.284004	1.307699	11.752631	442.696473	0.303668	0.002626	0.015648	10350.607304
1.000000	28.000000	64278830.000000	53.476464	1.062513	29.143640	987.856421	0.124324	0.158922	0.079147	10247.672075
1.000000	31.000000	64581896.000000	53.863819	0.817124	26.732649	4171.445196	0.597054	0.235415	0.022514	10217.718410
1.000000	36.000000	65081007.000000	47.064654	1.255632	27.577148	521.431442	0.047587	0.195869	0.088232	10250.597427
1.000000	90.000000	29015194.000000	38.417764	1.313124	33.959964	1325.926361	0.157074	0.196272	0.053505	10243.223745
1.000000	12.000000	62678269.000000	18.914770	1.503489	34.912747	3182.946136	0.421592	0.228473	0.034487	10230.654375
1.000000	27.000000	64181527.000000	65.775718	0.954403	20.565717	561.409437	0.089133	0.175913	0.099760	10261.755905
1.000000	24.000000	63880906.000000	69.999962	1.061966	21.953216	1793.197839	0.265346	0.741533	0.253021	10228.792066
1.000000	40.000000	65479163.000000	38.074561	1.308640	15.285017	370.103698	0.167182	0.016202	0.026500	10352.029010
1.000000	3.000000	61781455.000000	0.453952	1.595931	36.212881	346.600941	0.037821	0.118922	0.001629	10141.545096
1.000000	30.000000	64473766.000000	0.221444	1.721259	39.836921	812.476934	0.092506	0.144006	0.005240	10171.033423
1.000000	16.000000	63080817.000000	35.277876	1.270449	34.845964	722.914683	0.072900	0.159856	0.045531	10232.161843
1.000000	82.000000	83492531.000000	55.800743	1.154816	29.089841	918.326383	0.127281	0.092740	0.115044	10259.664131
1.000000	76.000000	114898953.000000	67.486903	0.852592	25.003749	3810.336956	0.590267	0.496935	0.026652	10215.444019
1.000000	110.000000	107996731.000000	47.813464	1.060928	27.095582	604.909892	0.072504	0.180765	0.039700	10247.743411
1.000000	70.000000	105129629.000000	28.018109	2.084292	32.273462	475.705263	0.015690	0.217739	0.144055	10225.762990
1.000000	74.000000	55924352.000000	41.793622	1.424238	29.044088	2557.956535	0.322478	0.471675	0.033337	10230.394051
1.000000	114.000000	82045354.000000	12.803121	2.394414	45.926403	727.514762	0.053640	0.113271	0.165392	10208.252749
1.000000	54.000000	30265123.000000	1.634932	2.393502	50.019843	1016.118636	0.081747	0.105396	0.141682	10192.278586
1.000000	92.000000	37304954.000000	18.735580	1.506518	39.301157	940.778737	0.101290	0.176030	0.014172	10220.976518
1.000000	8.000000	62278225.000000	26.023351	1.681903	39.443876	676.658619	0.038936	0.172963	0.099094	10217.540487
1.000000	42.000000	34971041.000000	4.639208	1.569849	33.986724	1669.338026	0.307394	0.120059	0.005292	10220.115211
1.000000	58.000000	97311303.000000	30.135609	1.530117	35.491523	438.362969	0.031747	0.167881	0.085986	10219.427392
1.000000	62.000000	30132036.000000	29.215489	1.436073	31.280931	3481.028119	0.517614	0.275164	0.019918	10227.995847
1.000000	118.000000	120682717.000000	0.888655	1.692508	38.575703	1453.429770	0.248774	0.109991	0.026647	10203.241521
1.000000	94.000000	114473341.000000	31.306415	1.431343	37.987404	1633.438416	0.209980	0.090073	0.096378	10247.297289
1.000000	102.000000	56391553.000000	0.004744	2.543300	44.888619	850.042311	0.085264	0.086266	0.152714	10188.420558
1.000000	116.000000	31316315.000000	44.483851	1.098786	31.582177	944.523676	0.120784	0.132239	0.049595	10238.812398
1.000000	106.000000	32499052.000000	42.741103	1.180720	32.934051	842.228292	0.105792	0.147021	0.053484	10240.884030
1.000000	44.000000	28378159.000000	0.000012	2.135215	45.899041	872.562316	0.095001	0.093993	0.099490	10174.926393
1.000000	50.000000	18855673.000000	26.911058	1.442022	41.155856	1004.312779	0.119036	0.086002	0.081606	10243.258290
1.000000	108.000000	77843504.000000	3.504017	1.299118	26.717229	116.401000	0.023178	0.080803	0.001146	10143.740983
1.000000	86.000000	45828374.000000	4.994686	1.420920	37.108039	156.809547	0.016106	0.001743	0.077521	10182.240045
1.000000	66.000000	20774732.000000	15.264161	1.652107	45.719067	930.299357	0.096231	0.104252	0.077084	10214.838157
1.000000	100.000000	119016868.000000	0.000000	1.842309	24.084761	1982.957568	0.830476	0.010070	0.063278	10242.203510
1.000000	84.000000	78127003.000000	1.862526	1.534046	33.069602	205.740682	0.020135	0.112034	0.001939	10141.238070
1.000000	98.000000	63104864.000000	32.220550	1.283759	36.998854	1039.190231	0.119928	0.129615	0.047091	10231.509277
1.000000	78.000000	98291624.000000	30.049063	0.775758	25.263148	107.660509	0.028640	0.001000	0.023589	10348.059373
1.000000	46.000000	81580859.000000	39.496317	1.191009	32.911875	1228.009417	0.161629	0.147998	0.040414	10233.459501
1.000000	89.000000	25741324.000000	26.370428	1.260568	33.615069	1870.979794	0.275249	0.149880	0.011017	10230.016364
1.000000	52.000000	24563885.000000	27.586866	1.483702	41.185906	698.797229	0.073814	0.127485	0.073154	10224.399952
1.000000	60.000000	55055866.000000	62.757733	1.040828	24.015331	1633.804367	0.232541	0.532991	0.079641	10231.534203
1.000000	20.000000	63474412.000000	56.674587	0.866893	23.207681	1021.279616	0.159920	0.269333	0.001000	10236.419015
1.000000	64.000000	33802476.000000	15.454953	1.650238	42.206383	1266.010868	0.186947	0.066479	0.088197	10241.514603
1.000000	72.000000	23188910.000000	43.789388	1.332588	30.113474	1583.786815	0.200018	0.294771	0.040905	10242.994213
1.000000	88.000000	111298545.000000	39.371439	1.336606	36.005200	1043.891942	0.110650	0.143364	0.087287	10243.253490
1.000000	73.000000	92227436.000000	0.005354	1.924998	31.440851	1085.483570	0.285108	0.027225	0.084863	10225.783673
1.000000	68.000000	107837910.000000	25.767289	1.369747	38.545491	768.436185	0.092782	0.124288	0.037600	10226.411587
1.000000	4.000000	61878172.000000	36.905558	1.167485	32.421066	1246.513679	0.208708	0.075947	0.037730	10256.948871
1.000000	104.000000	32519612.000000	27.222290	1.302637	32.168579	1949.343750	0.324804	0.165668	0.002341	10231.812133
1.000000	53.000000	84779399.000000	20.676608	2.558177	35.715851	543.063568	0.010496	0.250611	0.141330	10229.299291
1.000000	109.000000	66509354.000000	35.548349	1.245311	36.789027	1127.348514	0.142693	0.112414	0.059751	10240.168789
1.000000	91.000000	26800890.000000	43.699182	1.123298	31.513120	1124.592463	0.184647	0.118808	0.034553	10240.883652
1.000000	113.000000	34733501.000000	25.629443	1.611922	37.481564	548.897582	0.038957	0.160365	0.076051	10209.117697
1.000000	41.000000	87799703.000000	39.795547	1.272263	34.255273	1051.411563	0.113940	0.168702	0.063549	10241.094428
1.000000	117.000000	117923987.000000	40.237735	1.330539	35.930994	766.449674	0.081701	0.134365	0.090144	10244.703091
1.000000	120.000000	44537356.000000	0.018079	1.933157	39.917740	471.332161	0.050367	0.117641	0.039090	10146.773250
1.000000	81.000000	65064728.000000	34.173339	1.220571	34.144317	710.282730	0.073223	0.152583	0.033980	10237.137681
1.000000	96.000000	53064838.000000	54.083441	1.088640	29.446625	1141.771301	0.171550	0.091491	0.085427	10252.078794
1.000000	75.000000	117350950.000000	17.680518	1.248417	32.119157	294.356392	0.020998	0.155085	0.003538	10191.530369
1.000000	115.000000	103337954.000000	52.037674	1.240166	31.519054	1060.267313	0.142546	0.082365	0.127849	10266.409629
1.000000	49.000000	48409273.000000	0.000000	2.861540	44.712046	691.371867	0.057303	0.098505	0.170926	10188.291706
1.000000	112.000000	86149158.000000	4.225315	1.646627	33.942552	207.129742	0.015074	0.086740	0.038613	10155.618093
1.000000	69.000000	81087980.000000	2.933864	1.743935	33.171092	176.844001	0.010065	0.001680	0.122394	10138.858105
1.000000	65.000000	48321397.000000	18.903333	1.437469	39.798932	1931.314376	0.245788	0.095658	0.064012	10231.081048
1.000000	43.000000	32698343.000000	37.066491	1.566627	39.884489	840.766226	0.086373	0.108300	0.142579	10256.660736
1.000000	105.000000	22858434.000000	41.513407	1.347952	28.663419	588.664359	0.109908	0.023873	0.094151	10301.298932
1.000000	61.000000	21012407.000000	41.653110	1.409121	34.965123	606.256575	0.059154	0.126195	0.123402	10250.400847
1.000000	83.000000	77423797.000000	26.452301	1.386758	36.702399	2222.160038	0.303848	0.081530	0.081816	10237.686455
1.000000	121.000000	72689220.000000	24.634489	1.626221	40.846201	661.092354	0.053890	0.117097	0.100429	10221.443376
1.000000	56.000000	61759891.000000	31.903616	1.423281	37.159863	594.628344	0.045059	0.162308	0.077316	10223.755731
1.000000	59.000000	30215195.000000	20.530159	1.543779	37.579274	1933.909882	0.304086	0.056380	0.087901	10245.928408
1.000000	99.000000	76262013.000000	52.202546	1.977471	25.213106	1277.614585	0.169824	0.998581	0.026398	10250.347136
1.000000	67.000000	100148470.000000	32.442053	1.322012	35.723490	1612.953552	0.224300	0.085380	0.070967	10238.442426
1.000000	93.000000	76379639.000000	32.300859	1.243165	35.215861	1332.075463	0.180883	0.108923	0.042913	10235.032078
1.000000	101.000000	78819948.000000	54.557303	0.997152	20.251600	619.105153	0.159610	0.086508	0.011564	10299.662167
1.000000	130.000000	60220403.000000	12.353413	1.930941	36.683805	330.980668	0.012597	0.135680	0.077656	10194.302142
1.000000	77.000000	92239721.000000	52.553859	1.174454	26.374913	825.927964	0.166567	0.013827	0.081700	10294.971605
1.000000	122.000000	93286331.000000	40.143308	1.373722	36.426158	1032.769244	0.134313	0.075627	0.109807	10259.405652
1.000000	132.000000	114642589.000000	35.658652	1.405865	38.120703	1338.367255	0.158980	0.091510	0.107158	10248.597965
1.000000	48.000000	61648693.000000	48.448563	1.505011	29.297585	439.944824	0.056535	0.030151	0.191174	10325.322364
1.000000	142.000000	119190933.000000	60.001950	1.005536	27.094639	1131.961744	0.164415	0.134328	0.092039	10244.002278
1.000000	97.000000	85036989.000000	27.246155	1.347826	35.225229	498.844564	0.037945	0.169001	0.038131	10214.904939
1.000000	107.000000	83926129.000000	16.175942	1.593819	41.552912	605.577292	0.045389	0.143214	0.047071	10197.427599
1.000000	71.000000	99744835.000000	38.737157	1.297587	36.095637	1505.920597	0.192043	0.104294	0.090402	10248.042326
1.000000	136.000000	86129811.000000	1.100845	1.755017	45.056156	2158.133671	0.275816	0.067068	0.101126	10228.003903
1.000000	129.000000	38398046.000000	48.439873	1.144775	30.389226	674.565414	0.080202	0.147129	0.074849	10248.073581
1.000000	145.000000	93611863.000000	0.010347	2.245497	43.976907	539.582178	0.039148	0.119327	0.080807	10160.110673
1.000000	85.000000	43949254.000000	14.459661	1.001401	25.199874	86.675422	0.034028	0.008773	0.019825	10303.464989
1.000000	123.000000	48967016.000000	31.004262	1.568879	29.755757	543.662458	0.102117	0.001377	0.119225	10300.836359
1.000000	124.000000	72327210.000000	69.357127	0.755246	23.396257	1908.200331	0.284963	0.308956	0.083199	10224.704622
1.000000	45.000000	22077504.000000	0.010435	1.744606	38.891919	550.327032	0.072618	0.126296	0.011260	10149.532878
1.000000	80.000000	37641084.000000	1.939624	1.747007	37.770339	399.371645	0.052474	0.112217	0.022580	10144.864891
1.000000	126.000000	105965102.000000	27.628694	1.377362	35.463627	489.884895	0.042354	0.160596	0.039808	10214.888466
1.000000	131.000000	62353541.000000	50.682232	1.251806	28.932683	1274.885830	0.151193	0.227290	0.091440	10251.212520
1.000000	138.000000	50112497.000000	0.002307	1.861747	38.201926	1910.660205	0.293870	0.213289	0.001000	10221.258277
1.000000	57.000000	94005222.000000	3.392913	1.534454	34.451943	276.402799	0.033904	0.111375	0.004661	10139.818710
1.000000	143.000000	75512921.000000	0.641484	2.170797	46.625060	759.245153	0.042423	0.166649	0.056098	10174.143838
1.000000	159.000000	73049128.000000	57.213613	1.648202	26.113608	3003.862091	0.411429	0.799164	0.112261	10228.172393
1.000000	144.000000	99194215.000000	47.162239	1.351308	32.536982	1107.632577	0.160948	0.036448	0.134901	10282.710139
1.000000	51.000000	108613436.000000	30.978744	1.660172	35.922160	535.170839	0.034799	0.169997	0.113911	10224.195622
1.000000	103.000000	69919483.000000	7.359983	1.804795	36.172425	380.192198	0.008838	0.187348	0.015686	10185.147811
1.000000	125.000000	92339978.000000	3.968583	1.751243	30.631349	147.687063	0.020037	0.017152	0.102241	10165.746781
1.000000	149.000000	98340256.000000	45.873445	1.327053	29.029684	728.437683	0.130548	0.004320	0.111681	10305.176453
1.000000	63.000000	95559940.000000	35.789598	1.174326	33.462220	1106.148069	0.155058	0.141832	0.021168	10238.425894
1.000000	146.000000	87042947.000000	59.663918	1.291346	24.903025	4194.182739	0.552728	0.787442	0.171219	10221.092599
1.000000	140.000000	120544230.000000	31.518992	1.411217	37.158897	1523.425628	0.210870	0.065068	0.093856	10248.390941
1.000000	119.000000	62006689.000000	24.153606	1.788623	37.052217	503.877328	0.034787	0.154285	0.097386	10211.099879
1.000000	128.000000	59487095.000000	42.007554	1.323425	27.834918	735.835619	0.148385	0.015792	0.081508	10297.741665
1.000000	133.000000	74712480.000000	0.222128	1.842890	40.009385	462.153237	0.050957	0.116909	0.031100	10146.609499
1.000000	147.000000	55296224.000000	11.679751	1.062273	24.247444	90.314395	0.040019	0.007337	0.018322	10288.068703
1.000000	111.000000	107003586.000000	26.497544	1.820018	35.767502	1150.266629	0.174519	0.002410	0.165967	10295.645483
1.000000	152.000000	95090931.000000	20.220976	1.552154	26.559074	866.892307	0.263752	0.026839	0.047677	10286.525904
1.000000	127.000000	26761976.000000	24.639735	1.397355	40.007962	1385.468867	0.168059	0.100186	0.064285	10233.228798
1.000000	141.000000	48534611.000000	41.722567	1.189090	32.088293	2123.346343	0.319320	0.106575	0.061272	10234.051467
1.000000	156.000000	50213276.000000	55.232239	0.891677	27.722400	1292.393459	0.212472	0.181618	0.017314	10241.590023
1.000000	139.000000	57906320.000000	57.747708	0.924433	26.452605	954.476000	0.138815	0.142193	0.058072	10240.973141
1.000000	134.000000	38209678.000000	68.993427	0.619733	21.695820	1367.488686	0.232359	0.356690	0.004551	10229.170706
1.000000	155.000000	57415986.000000	32.901445	1.253165	36.919989	1319.347518	0.158507	0.131307	0.048414	10235.620514
1.000000	95.000000	90989245.000000	45.284661	1.414304	30.474166	1202.741079	0.138003	0.316995	0.059680	10251.680074
1.000000	135.000000	47886746.000000	53.912802	0.912429	27.341764	1594.972371	0.227521	0.190251	0.032462	10229.530842
1.000000	87.000000	86143090.000000	62.726049	0.913895	24.400734	1988.797645	0.284317	0.580168	0.051022	10227.677217
1.000000	157.000000	48373003.000000	40.188007	1.316028	35.049870	1386.877664	0.182977	0.118487	0.085993	10249.124517
1.000000	47.000000	89087728.000000	0.012718	1.624239	40.005957	2417.406674	0.405297	0.077469	0.056722	10219.096009
1.000000	151.000000	114479993.000000	0.715546	1.608644	37.445642	2062.269401	0.400593	0.096604	0.027730	10216.943860
1.000000	148.000000	101064816.000000	52.274766	1.430560	31.599149	897.820404	0.113739	0.121087	0.162044	10279.984919
1.000000	55.000000	69671750.000000	17.643951	0.900688	20.961138	81.516019	0.038581	0.001027	0.007190	10310.387992
1.000000	79.000000	62329379.000000	39.227528	1.259094	36.754822	940.547757	0.097149	0.143771	0.076414	10246.107944
1.000000	154.000000	124031578.000000	65.353648	1.010650	23.727100	1498.410996	0.216181	0.377757	0.113797	10233.952195
1.000000	137.000000	76449371.000000	20.634730	1.642933	36.416778	441.521567	0.030441	0.149274	0.068394	10201.075667
1.000000	150.000000	33007108.000000	0.976644	1.721056	38.006218	400.687473	0.046600	0.125319	0.009691	10142.520888
1.000000	153.000000	50603098.000000	53.716609	1.810031	25.947126	1654.010358	0.215113	0.895165	0.057634	10242.503895
1.000000	158.000000	45602954.000000	30.662298	1.293133	36.825762	1339.083374	0.176544	0.103736	0.053769	10234.735268
1.000000	160.000000	80411923.000000	14.898470	2.366869	25.251690	165.505769	0.001243	0.043945	0.299108	10197.995734
