1.000000	34.000000	51022953.000000	15.122772	1.041158	41.200150	1.616344	7.825809	1929.369977	0.188778	0.126206	0.167635
1.000000	2.000000	47823290.000000	53.981170	0.928507	45.678042	1.066855	4.374102	1960.744231	0.087449	0.197173	0.128562
1.000000	13.000000	48921255.000000	44.375135	1.235682	16.754034	1.524967	7.855682	1816.215032	0.171181	0.161451	0.120199
1.000000	3.000000	47920062.000000	59.573314	1.118394	52.968490	1.143997	5.935169	1885.412066	0.084835	0.127820	0.116549
1.000000	26.000000	50219553.000000	40.057150	1.081985	42.632383	1.635496	5.984069	942.296296	0.188549	0.037842	0.123384
1.000000	5.000000	48123085.000000	34.501943	1.635036	45.691702	1.622094	7.086494	281.153221	0.147153	0.160803	0.136841
1.000000	30.000000	50618721.000000	56.398700	1.347873	50.444915	1.126932	4.655041	335.108216	0.169237	0.027464	0.144011
1.000000	1.000000	47718625.000000	36.034442	1.530996	53.354564	1.591369	4.261627	1296.115464	0.088346	0.150196	0.030776
1.000000	22.000000	49823584.000000	38.395233	1.504612	56.541847	0.948718	7.528746	355.515015	0.110984	0.057954	0.133658
1.000000	38.000000	51423984.000000	59.091168	1.514145	47.600322	0.989235	6.906223	419.226156	0.177577	0.079353	0.127266
1.000000	8.000000	48424862.000000	16.566655	1.060360	34.127382	1.308798	4.555192	1994.727388	0.135904	0.150758	0.187442
1.000000	7.000000	48325747.000000	25.641388	1.685677	51.148432	1.330208	4.632581	931.336021	0.088761	0.086424	0.116521
1.000000	23.000000	49926028.000000	38.438660	1.239204	57.185473	1.135011	5.461403	772.193668	0.176442	0.157628	0.106209
1.000000	33.000000	50928387.000000	35.551954	1.455886	18.139772	1.264730	7.568918	1356.754406	0.182815	0.064491	0.152825
1.000000	31.000000	50728437.000000	24.845562	1.432701	22.298678	1.100804	6.968038	1794.318231	0.135482	0.133064	0.073312
1.000000	18.000000	49428757.000000	38.844694	1.170433	49.373916	1.304070	7.240008	881.411243	0.140679	0.030421	0.081456
1.000000	4.000000	48029295.000000	51.659144	1.416131	19.431447	1.380953	7.933287	579.401615	0.121032	0.033916	0.148137
1.000000	6.000000	48229554.000000	16.945927	0.932466	46.021188	1.442101	5.921953	1628.705033	0.052460	0.176247	0.187681
1.000000	17.000000	49329734.000000	15.002827	1.394000	17.028396	1.651369	6.225073	372.345013	0.025105	0.176158	0.102510
1.000000	20.000000	49629736.000000	56.738498	1.697747	50.875077	0.919000	7.448110	995.662231	0.134293	0.163509	0.167412
1.000000	12.000000	48830682.000000	24.490397	1.298234	20.591255	1.060090	7.090642	872.394706	0.132089	0.037209	0.148702
1.000000	27.000000	50330695.000000	51.720554	1.180448	41.944871	1.400572	7.602692	616.394472	0.066249	0.127767	0.099935
1.000000	36.000000	51231091.000000	29.665188	1.663650	30.870545	1.512633	6.757022	534.426188	0.195615	0.123039	0.032556
1.000000	9.000000	48531033.000000	46.039853	1.548012	51.238853	1.199549	4.258515	1914.608845	0.112760	0.180038	0.091645
1.000000	24.000000	50031197.000000	30.512785	1.223271	44.017810	1.369488	7.712160	1113.735281	0.158862	0.176364	0.081081
1.000000	28.000000	50431112.000000	22.519685	1.197875	25.381209	0.912068	4.835305	1247.096277	0.166241	0.078259	0.036523
1.000000	37.000000	51331727.000000	53.841051	1.250488	44.416695	1.684107	4.360078	1465.493700	0.175173	0.114533	0.037548
1.000000	40.000000	51631943.000000	52.698064	1.336858	46.679507	1.071324	5.102135	728.804049	0.182226	0.027643	0.184826
1.000000	21.000000	49732073.000000	47.027053	0.978750	34.558456	1.518893	5.890336	269.291787	0.111947	0.181983	0.139022
1.000000	32.000000	50832105.000000	32.826040	1.526201	16.652342	1.651356	5.999767	1578.484631	0.056091	0.083432	0.121299
1.000000	39.000000	51532222.000000	57.037155	1.157871	18.354191	1.280356	6.312337	1289.247292	0.086145	0.185032	0.074929
1.000000	29.000000	50532375.000000	18.244410	1.197397	43.678236	1.016045	5.400084	1164.593325	0.135635	0.130469	0.191562
1.000000	35.000000	51132415.000000	29.188818	1.233604	25.150461	0.904469	5.894402	1298.138322	0.174084	0.192296	0.056630
1.000000	14.000000	49032474.000000	24.011249	1.634986	19.015222	1.533533	7.414266	753.869914	0.026148	0.132910	0.132892
1.000000	19.000000	49532603.000000	54.957918	1.007775	59.981084	1.058169	5.241554	1047.626785	0.157624	0.194789	0.022971
1.000000	15.000000	49132498.000000	44.212083	1.295774	33.138005	1.342336	6.407618	1317.848518	0.027180	0.044062	0.159343
1.000000	11.000000	48732531.000000	38.663714	1.214950	36.224998	1.333544	6.115118	1196.114956	0.088079	0.183265	0.047627
1.000000	25.000000	50132508.000000	46.767264	1.431674	30.665830	1.619045	6.135266	1452.727170	0.112886	0.051055	0.198235
1.000000	16.000000	49233363.000000	24.928282	1.011899	41.039830	1.587506	6.689731	1347.783743	0.032607	0.046924	0.103292
1.000000	10.000000	48633812.000000	37.217193	1.591895	30.467675	1.640236	4.402330	992.675688	0.082745	0.074999	0.072738
1.000000	52.000000	75877519.000000	54.518672	1.100564	54.203384	1.673667	7.168163	1931.467536	0.063257	0.049528	0.088116
1.000000	46.000000	107588228.000000	30.876284	1.582456	36.817106	0.950588	6.297378	796.742973	0.150335	0.119958	0.044914
1.000000	60.000000	74174109.000000	57.510782	1.428308	23.452609	1.334672	5.922339	1787.514792	0.085967	0.102294	0.100880
1.000000	116.000000	98240578.000000	30.344470	1.116784	54.385424	1.587446	5.924587	994.146406	0.176226	0.039117	0.118815
1.000000	98.000000	24778184.000000	15.458340	1.646296	26.882801	0.912509	5.940349	1144.407154	0.110819	0.177104	0.141412
1.000000	90.000000	103827088.000000	50.115768	1.150723	51.909800	1.566899	5.813491	1886.051672	0.091420	0.050289	0.100107
1.000000	94.000000	30618648.000000	20.407253	0.931264	56.767693	1.418713	6.479215	1647.106195	0.025438	0.034381	0.102623
1.000000	88.000000	92247468.000000	44.847999	1.250491	37.477953	0.974525	5.177667	1718.299556	0.104526	0.070211	0.177137
1.000000	64.000000	58666259.000000	30.818327	1.356753	59.685548	1.660112	6.758909	1213.056898	0.194964	0.091053	0.117864
1.000000	100.000000	71977871.000000	59.511552	0.901604	49.786699	0.978889	6.509962	311.212497	0.164600	0.039946	0.179553
1.000000	120.000000	101975933.000000	57.291716	1.316950	21.209626	1.683560	7.983281	536.317871	0.075597	0.131790	0.161026
1.000000	106.000000	70581815.000000	28.613588	1.438712	51.298522	1.361757	4.776904	1931.498666	0.181449	0.034918	0.114041
1.000000	114.000000	120636763.000000	41.551152	0.907680	23.703783	1.119529	4.891455	1961.322782	0.146643	0.147409	0.062832
1.000000	80.000000	47235852.000000	18.760659	0.993726	56.968835	1.123037	4.737344	370.492475	0.085066	0.127694	0.154832
1.000000	84.000000	94838161.000000	53.479570	1.129529	19.355669	0.997532	4.036495	1983.437173	0.118099	0.175011	0.156689
1.000000	118.000000	66131374.000000	27.091091	1.241488	52.293155	0.968455	7.857465	1451.145795	0.039027	0.114754	0.193726
1.000000	62.000000	95727267.000000	31.838649	1.242954	22.275135	1.685841	7.294643	1534.452231	0.186112	0.071403	0.038215
1.000000	44.000000	44508577.000000	42.432334	1.371330	40.137484	1.485047	5.865087	1620.497109	0.084506	0.119654	0.064126
1.000000	92.000000	54010276.000000	30.282918	1.508001	23.166731	1.450412	4.357647	443.504140	0.085974	0.042584	0.146635
1.000000	68.000000	23042549.000000	42.175326	1.103314	27.395109	1.363115	7.762301	371.830271	0.032386	0.086017	0.071801
1.000000	86.000000	50010819.000000	58.945134	1.175938	32.442853	1.445152	5.872976	461.303575	0.081099	0.032660	0.167651
1.000000	56.000000	113150648.000000	31.272227	1.486370	28.588854	1.080548	4.998114	479.940223	0.031001	0.142224	0.089234
1.000000	48.000000	47507045.000000	39.277694	1.231002	17.378004	1.320486	7.660651	804.505211	0.095708	0.144328	0.127542
1.000000	74.000000	60116048.000000	58.686491	1.468558	26.933908	1.281121	7.103943	928.155773	0.188304	0.067332	0.078922
1.000000	72.000000	69095478.000000	51.557822	1.374025	35.076158	1.215384	7.940941	1034.505784	0.118250	0.081275	0.141049
1.000000	78.000000	103859863.000000	57.012704	1.330188	15.798689	1.689976	4.894885	1078.659547	0.041285	0.110786	0.173355
1.000000	108.000000	59962340.000000	54.923599	1.391383	22.617833	1.164893	7.800545	1123.078887	0.110701	0.117607	0.102701
1.000000	76.000000	113916595.000000	28.258017	1.213967	23.922016	1.419955	5.579774	310.864462	0.135138	0.171284	0.120691
1.000000	96.000000	34307652.000000	56.890292	1.610771	54.134972	1.191397	5.586354	923.729489	0.194625	0.139746	0.089787
1.000000	102.000000	64998684.000000	28.070686	1.438024	59.593509	1.499887	4.853519	1030.944597	0.061310	0.139199	0.072550
1.000000	54.000000	95932126.000000	32.138026	1.293439	28.271392	0.943609	6.572010	1977.308902	0.171378	0.088085	0.023612
1.000000	42.000000	35633865.000000	39.793281	1.401518	40.138736	1.447544	5.638009	868.613844	0.110494	0.138164	0.187680
1.000000	104.000000	47746748.000000	27.814641	0.923269	23.934652	1.126466	4.142353	1670.506702	0.171579	0.190648	0.139230
1.000000	58.000000	112631392.000000	16.987427	1.413496	49.191950	1.173682	6.837456	386.114031	0.121468	0.132179	0.159491
1.000000	112.000000	37026130.000000	48.854159	1.503477	30.206706	1.427692	6.089766	1240.573070	0.125818	0.096360	0.104958
1.000000	110.000000	107106614.000000	56.536160	1.399725	53.725213	1.037098	5.564149	622.330507	0.152739	0.158517	0.186747
1.000000	50.000000	64152288.000000	57.534743	1.047124	23.567836	0.957938	7.174577	1848.138254	0.126900	0.104076	0.027286
1.000000	70.000000	42522412.000000	40.524952	1.180888	35.850759	1.564939	7.808635	644.033483	0.147330	0.122746	0.102277
1.000000	82.000000	83488351.000000	48.463110	1.253413	50.594796	0.996136	5.616651	1009.203785	0.069341	0.021266	0.163651
1.000000	97.000000	92724161.000000	57.892748	1.148542	20.527357	1.647644	6.735092	2007.288232	0.149671	0.186495	0.129792
1.000000	51.000000	16519932.000000	21.529753	1.539317	39.663060	1.075940	6.554941	776.393829	0.102613	0.155777	0.189892
1.000000	87.000000	22368453.000000	16.867414	1.217940	39.496654	1.127317	6.770927	1077.942229	0.175087	0.025781	0.113120
1.000000	113.000000	101219770.000000	29.496538	1.519932	46.685530	1.022761	7.582092	1743.024956	0.088648	0.039065	0.078832
1.000000	61.000000	114260669.000000	43.202962	0.968126	41.633565	0.990941	5.322744	1664.314060	0.037546	0.067350	0.092758
1.000000	63.000000	97865377.000000	56.145296	1.537210	53.342601	0.903704	5.621478	1425.312983	0.116134	0.145231	0.166212
1.000000	89.000000	67476625.000000	37.317537	1.638204	58.673058	1.094719	7.003280	2022.522066	0.035427	0.046932	0.120102
1.000000	66.000000	87507700.000000	15.404925	1.279312	26.479168	0.946437	7.213696	1738.233111	0.150464	0.163117	0.132219
1.000000	117.000000	79741809.000000	28.606363	1.207080	17.405648	1.036051	7.423959	491.871818	0.160608	0.023125	0.034117
1.000000	115.000000	32205428.000000	22.417637	1.317905	45.587989	1.352662	6.034415	724.335965	0.026264	0.023044	0.025773
1.000000	107.000000	68699634.000000	55.755432	1.364856	49.051156	1.569796	6.971655	2028.052176	0.096079	0.021426	0.052423
1.000000	75.000000	107956588.000000	41.683237	1.623833	16.778350	1.602916	6.739281	1564.384807	0.096804	0.104650	0.063676
1.000000	93.000000	89288880.000000	28.210951	0.948075	15.588578	0.909765	7.518426	927.787675	0.190027	0.170384	0.034837
1.000000	105.000000	24977562.000000	22.363316	1.007706	54.194345	1.377859	4.258276	421.950098	0.103993	0.028437	0.041882
1.000000	79.000000	28422314.000000	33.572217	0.975692	50.067860	1.386285	4.833848	1914.791801	0.191980	0.199233	0.132217
1.000000	99.000000	58821105.000000	39.872614	1.145022	41.833550	1.006838	5.967120	488.192080	0.037572	0.060022	0.161534
1.000000	45.000000	76213568.000000	53.088293	1.201138	23.283002	1.426393	6.414069	1564.306415	0.149165	0.055823	0.181896
1.000000	103.000000	118593256.000000	45.895420	1.038808	47.548786	1.474781	6.545030	836.846383	0.096664	0.105970	0.082292
1.000000	83.000000	36742611.000000	48.141699	1.549808	22.081488	1.674149	7.179359	551.442418	0.034220	0.107288	0.172646
1.000000	73.000000	78805775.000000	51.401446	1.055648	50.318214	1.062341	4.379530	1585.990682	0.131548	0.043209	0.031154
1.000000	109.000000	100516100.000000	16.891589	1.182813	46.250916	1.573649	6.542101	702.282911	0.114866	0.131703	0.038273
1.000000	101.000000	80485575.000000	55.121462	1.670386	21.169027	1.017421	6.741941	1022.182786	0.150686	0.145385	0.143380
1.000000	59.000000	93727089.000000	56.298388	1.024451	17.943492	1.024425	4.075438	426.661921	0.193332	0.025871	0.192044
1.000000	77.000000	35759035.000000	28.670834	1.308716	39.774366	0.919513	4.496048	1372.588989	0.197620	0.159942	0.120217
1.000000	85.000000	84874630.000000	47.734063	1.040815	45.635153	1.318664	5.356093	1509.801620	0.162334	0.193473	0.038057
1.000000	43.000000	85282805.000000	33.858714	1.414826	46.228917	1.069444	4.879491	690.791850	0.135808	0.141799	0.191702
1.000000	111.000000	117810073.000000	29.073248	1.209630	15.606114	1.264593	6.695566	548.458231	0.154733	0.049217	0.170031
1.000000	95.000000	59744873.000000	26.877030	0.933182	47.724328	1.469901	5.355576	405.213359	0.185656	0.061189	0.049964
1.000000	71.000000	81537760.000000	52.805386	1.515142	54.600914	1.406154	7.775329	643.580367	0.130420	0.059361	0.120905
1.000000	119.000000	39503922.000000	31.960769	1.387286	55.819121	1.494267	4.132479	1088.038058	0.175006	0.098615	0.028199
1.000000	47.000000	79968682.000000	25.829521	1.680062	56.508531	1.579798	4.702626	644.097915	0.198763	0.196449	0.031383
1.000000	69.000000	72417629.000000	52.793430	1.304660	21.997653	1.504525	4.447937	2006.350218	0.053302	0.069827	0.039149
1.000000	67.000000	73929445.000000	17.624038	1.549098	58.390659	1.121588	5.331872	1135.903783	0.136206	0.159703	0.036501
1.000000	55.000000	35700450.000000	35.059508	1.585754	17.293926	0.935728	6.985675	513.596209	0.040100	0.089875	0.166796
1.000000	125.000000	60664634.000000	20.723660	1.280378	34.103004	1.632417	4.471073	699.065380	0.112658	0.093601	0.191690
1.000000	133.000000	103293653.000000	39.390450	1.414944	58.809059	0.949950	5.856722	289.815219	0.053842	0.199798	0.196054
1.000000	41.000000	34386187.000000	29.429896	1.654918	41.096527	1.011871	5.573805	1556.286036	0.142691	0.184491	0.115425
1.000000	57.000000	57486325.000000	43.371090	1.549968	44.330113	1.209704	5.469806	719.391157	0.032090	0.103303	0.140891
1.000000	91.000000	41505489.000000	36.477998	0.923307	50.529697	1.153027	7.964489	1030.676810	0.109638	0.038596	0.181673
1.000000	121.000000	80277111.000000	20.285405	1.337937	52.784881	1.091100	6.187868	395.530051	0.099308	0.056488	0.081897
1.000000	127.000000	102588591.000000	49.444664	1.397454	39.806110	1.691537	5.804441	2011.715739	0.039425	0.140059	0.133825
1.000000	53.000000	106263230.000000	22.255413	1.224728	24.623748	1.279917	5.833711	1243.753789	0.093888	0.146536	0.025748
1.000000	65.000000	92090352.000000	42.723025	1.026743	31.521917	1.503188	7.633584	926.660112	0.094678	0.138956	0.061292
1.000000	49.000000	92077810.000000	18.749804	1.332512	17.261846	1.441451	6.742561	1516.717925	0.177155	0.056667	0.052132
1.000000	148.000000	91770685.000000	47.298064	1.699939	29.038104	1.540556	4.137568	1223.916798	0.190093	0.166634	0.091265
1.000000	137.000000	40336858.000000	16.687435	1.289322	30.752214	1.374944	5.863828	1834.763002	0.071946	0.072436	0.025304
1.000000	81.000000	101826813.000000	17.169490	1.586074	42.241827	1.053722	5.065038	613.323273	0.072847	0.173401	0.069804
1.000000	126.000000	118839891.000000	57.900989	1.309003	44.539885	1.280068	5.398299	915.299489	0.031650	0.088078	0.083993
1.000000	132.000000	54259669.000000	34.613076	1.466997	17.471817	1.657995	7.090589	628.630642	0.035793	0.112759	0.119845
1.000000	146.000000	112578346.000000	24.485779	1.672399	49.085690	1.269108	4.625068	1291.819433	0.190224	0.102595	0.174236
1.000000	138.000000	84660231.000000	38.383520	0.936892	53.977597	1.380114	5.055057	1749.521862	0.057106	0.172212	0.046154
1.000000	128.000000	90649466.000000	37.403517	1.030144	50.398414	1.456841	4.718903	768.480036	0.030108	0.029696	0.121138
1.000000	136.000000	100106413.000000	21.575159	1.652841	46.689436	1.221049	6.922718	585.514479	0.155525	0.160811	0.095745
1.000000	153.000000	113024941.000000	44.328693	0.909405	37.391385	1.472567	6.645855	1765.831106	0.088044	0.065977	0.049004
1.000000	123.000000	82050696.000000	52.525356	1.063377	15.472044	1.169319	4.395985	1118.300494	0.146499	0.137623	0.182288
1.000000	141.000000	123811909.000000	45.310945	1.126162	22.368427	1.012876	6.345262	995.944696	0.039854	0.172652	0.030984
1.000000	156.000000	45021360.000000	55.146393	1.442285	24.607219	1.043822	6.352876	1996.479502	0.127486	0.154046	0.058297
1.000000	134.000000	121915100.000000	19.586787	1.396663	35.936724	0.971114	7.073305	2016.443590	0.175914	0.126272	0.104225
1.000000	147.000000	45465920.000000	49.865108	1.135819	56.817803	1.162284	5.821782	1752.033563	0.177736	0.062437	0.122230
1.000000	124.000000	72635252.000000	56.218441	1.342941	42.655429	1.659226	7.988388	1768.400654	0.133988	0.123075	0.050851
1.000000	140.000000	115132120.000000	28.303124	1.520815	51.572596	1.415285	5.715876	698.571944	0.150739	0.032616	0.109483
1.000000	150.000000	121805841.000000	22.012576	0.930015	54.872740	1.532140	6.100427	1229.312475	0.175348	0.058816	0.077830
1.000000	135.000000	43085942.000000	57.754444	1.237233	19.842484	1.588664	6.510184	1547.507199	0.191097	0.139587	0.080677
1.000000	130.000000	65410206.000000	23.759201	1.000064	20.903839	1.068049	5.566166	1112.746822	0.135287	0.079955	0.175189
1.000000	129.000000	113387990.000000	55.447110	1.206104	53.385126	1.224190	6.961342	1195.414079	0.172668	0.030243	0.165836
1.000000	142.000000	101908194.000000	46.723369	1.209873	24.067633	0.950151	5.392718	1632.095581	0.112081	0.180476	0.020650
1.000000	143.000000	75314872.000000	27.532056	1.590708	48.982012	1.110888	6.938872	1392.908063	0.105823	0.178572	0.121105
1.000000	144.000000	90986851.000000	25.163083	1.540849	50.147986	1.286305	6.704103	1586.837855	0.090408	0.162903	0.071334
1.000000	145.000000	57858267.000000	30.557660	0.939159	17.516451	1.246584	5.753553	535.239939	0.109476	0.142451	0.021234
1.000000	131.000000	74277831.000000	27.347542	1.066146	55.808204	1.277987	5.029556	1885.200621	0.105308	0.114641	0.139592
1.000000	122.000000	75691380.000000	40.900477	1.595607	33.037337	1.542819	4.092077	993.725607	0.175968	0.053131	0.064401
1.000000	155.000000	85820929.000000	16.000120	1.392690	39.154532	1.638582	7.645067	1531.735177	0.150478	0.168240	0.181247
1.000000	139.000000	120111642.000000	21.245640	1.637051	56.409301	1.596463	5.917347	423.465428	0.172021	0.077981	0.135243
1.000000	149.000000	41728160.000000	32.836905	1.276668	43.361336	1.536129	4.495091	1678.890779	0.052825	0.020529	0.103703
1.000000	154.000000	45980391.000000	43.205124	1.479818	39.483507	0.907171	6.719843	683.189752	0.143244	0.052148	0.089213
1.000000	157.000000	34822070.000000	19.063936	0.923951	59.199512	0.939581	5.662086	1531.081927	0.153265	0.167899	0.020482
1.000000	152.000000	120833588.000000	41.768894	1.049898	29.560904	1.648751	4.788905	970.527675	0.110031	0.186788	0.136716
1.000000	160.000000	62593732.000000	49.037240	1.558064	38.372216	1.279658	6.819317	503.835655	0.115404	0.194002	0.155025
1.000000	158.000000	79341115.000000	42.854143	1.668370	30.107340	1.640193	7.943735	294.195908	0.142036	0.061306	0.065662
1.000000	151.000000	87545432.000000	57.588420	1.322493	57.191225	1.689994	4.253894	961.770170	0.164231	0.056936	0.022167
1.000000	159.000000	67266301.000000	56.812539	1.457007	16.785270	0.916397	4.721027	721.124862	0.167674	0.193683	0.177180
